256
0 1
0 3
0 8
0 9
0 11
0 12
0 15
0 18
0 21
0 22
0 26
0 35
0 36
0 37
0 40
0 41
0 44
0 47
0 48
0 49
0 53
0 55
0 57
0 62
0 69
0 70
0 81
0 85
0 92
0 93
0 98
0 108
0 111
0 113
0 117
0 118
0 121
0 123
0 124
0 125
0 137
0 146
0 151
0 155
0 157
0 158
0 160
0 164
0 165
0 167
0 176
0 177
0 178
0 181
0 182
0 188
0 189
0 190
0 192
0 194
0 198
0 208
0 212
0 213
0 216
0 217
0 219
0 223
0 224
0 225
0 229
0 230
0 231
0 232
0 234
0 240
0 241
0 242
0 249
1 4
1 5
1 7
1 8
1 13
1 16
1 17
1 18
1 20
1 24
1 26
1 28
1 29
1 32
1 34
1 35
1 38
1 40
1 43
1 50
1 60
1 63
1 64
1 69
1 71
1 72
1 74
1 75
1 76
1 82
1 83
1 84
1 86
1 92
1 95
1 103
1 106
1 107
1 108
1 113
1 114
1 117
1 122
1 133
1 136
1 137
1 141
1 146
1 152
1 155
1 156
1 161
1 162
1 167
1 175
1 184
1 185
1 186
1 187
1 189
1 191
1 193
1 194
1 195
1 196
1 199
1 202
1 204
1 205
1 206
1 212
1 213
1 214
1 218
1 228
1 230
1 231
1 232
1 233
1 234
1 236
1 239
1 242
1 243
1 244
1 249
1 255
2 9
2 11
2 12
2 16
2 17
2 19
2 21
2 22
2 24
2 25
2 26
2 27
2 31
2 34
2 43
2 44
2 48
2 49
2 53
2 55
2 61
2 64
2 65
2 67
2 68
2 72
2 76
2 81
2 85
2 88
2 98
2 99
2 101
2 104
2 106
2 109
2 115
2 119
2 120
2 121
2 122
2 131
2 135
2 138
2 139
2 141
2 143
2 144
2 149
2 152
2 155
2 159
2 168
2 169
2 173
2 179
2 182
2 183
2 185
2 191
2 194
2 197
2 201
2 202
2 210
2 213
2 221
2 223
2 224
2 231
2 232
2 238
2 239
2 240
2 241
2 243
2 245
2 251
2 252
3 8
3 11
3 14
3 16
3 24
3 28
3 29
3 30
3 31
3 33
3 36
3 37
3 40
3 44
3 47
3 55
3 68
3 70
3 77
3 80
3 83
3 85
3 89
3 93
3 95
3 96
3 98
3 102
3 106
3 108
3 109
3 112
3 114
3 117
3 119
3 120
3 121
3 122
3 124
3 127
3 129
3 135
3 136
3 142
3 143
3 151
3 162
3 163
3 165
3 166
3 172
3 178
3 179
3 180
3 185
3 187
3 191
3 193
3 194
3 195
3 197
3 198
3 200
3 201
3 202
3 203
3 205
3 208
3 209
3 212
3 220
3 221
3 224
3 228
3 229
3 230
3 231
3 236
3 238
3 239
3 246
3 250
3 254
3 255
4 6
4 7
4 13
4 14
4 16
4 21
4 24
4 26
4 43
4 45
4 49
4 51
4 57
4 59
4 62
4 63
4 64
4 69
4 75
4 76
4 80
4 84
4 88
4 90
4 103
4 108
4 109
4 112
4 117
4 118
4 123
4 124
4 128
4 133
4 134
4 137
4 139
4 146
4 149
4 150
4 151
4 153
4 160
4 162
4 164
4 167
4 169
4 170
4 171
4 178
4 180
4 181
4 182
4 186
4 190
4 193
4 197
4 198
4 203
4 205
4 210
4 211
4 214
4 216
4 220
4 221
4 225
4 242
4 249
4 255
5 8
5 9
5 10
5 13
5 16
5 17
5 20
5 21
5 26
5 28
5 29
5 31
5 32
5 33
5 39
5 42
5 44
5 47
5 50
5 52
5 53
5 55
5 56
5 58
5 59
5 63
5 67
5 68
5 72
5 75
5 81
5 84
5 85
5 90
5 91
5 92
5 93
5 97
5 99
5 100
5 105
5 110
5 111
5 115
5 117
5 118
5 123
5 124
5 126
5 128
5 131
5 134
5 136
5 137
5 146
5 147
5 149
5 150
5 151
5 158
5 167
5 168
5 171
5 181
5 182
5 186
5 192
5 194
5 199
5 200
5 209
5 211
5 213
5 218
5 220
5 225
5 232
5 234
5 243
5 244
5 249
5 252
6 22
6 26
6 27
6 28
6 35
6 42
6 43
6 48
6 61
6 72
6 73
6 74
6 75
6 76
6 77
6 78
6 79
6 83
6 85
6 86
6 92
6 93
6 96
6 97
6 101
6 105
6 113
6 117
6 119
6 125
6 130
6 133
6 134
6 136
6 138
6 141
6 143
6 144
6 145
6 148
6 151
6 159
6 161
6 163
6 166
6 167
6 168
6 169
6 174
6 176
6 181
6 182
6 185
6 190
6 194
6 203
6 209
6 210
6 215
6 218
6 228
6 236
6 237
6 238
6 239
6 242
6 245
6 252
6 254
7 9
7 11
7 12
7 17
7 21
7 22
7 23
7 24
7 25
7 27
7 31
7 33
7 36
7 38
7 39
7 40
7 42
7 44
7 47
7 48
7 50
7 52
7 55
7 61
7 63
7 68
7 70
7 74
7 75
7 78
7 84
7 88
7 90
7 91
7 98
7 102
7 104
7 106
7 109
7 112
7 116
7 117
7 120
7 121
7 122
7 123
7 125
7 134
7 137
7 139
7 140
7 147
7 153
7 156
7 161
7 162
7 168
7 175
7 181
7 187
7 188
7 189
7 191
7 193
7 194
7 196
7 201
7 205
7 207
7 214
7 216
7 221
7 223
7 224
7 227
7 236
7 244
7 247
7 252
8 9
8 11
8 17
8 23
8 25
8 29
8 38
8 39
8 40
8 41
8 44
8 60
8 70
8 77
8 80
8 83
8 84
8 94
8 95
8 98
8 99
8 104
8 107
8 120
8 123
8 127
8 129
8 130
8 131
8 133
8 143
8 144
8 145
8 149
8 150
8 153
8 160
8 163
8 166
8 177
8 179
8 187
8 194
8 195
8 197
8 201
8 203
8 207
8 210
8 213
8 215
8 223
8 227
8 234
8 239
8 243
8 246
8 249
8 252
9 11
9 18
9 22
9 28
9 31
9 32
9 34
9 38
9 41
9 46
9 49
9 50
9 57
9 58
9 61
9 64
9 72
9 73
9 76
9 79
9 82
9 86
9 90
9 93
9 94
9 98
9 99
9 106
9 107
9 112
9 115
9 117
9 118
9 124
9 129
9 135
9 139
9 140
9 141
9 142
9 144
9 145
9 147
9 152
9 161
9 164
9 173
9 175
9 176
9 178
9 179
9 181
9 183
9 185
9 186
9 188
9 191
9 196
9 199
9 200
9 202
9 205
9 206
9 207
9 215
9 221
9 222
9 223
9 225
9 226
9 227
9 228
9 229
9 235
9 237
9 241
9 247
9 251
9 253
9 255
10 15
10 16
10 17
10 27
10 28
10 29
10 31
10 32
10 34
10 39
10 46
10 49
10 51
10 54
10 56
10 59
10 66
10 67
10 69
10 72
10 79
10 83
10 84
10 85
10 87
10 88
10 89
10 90
10 93
10 96
10 97
10 100
10 101
10 102
10 108
10 109
10 113
10 114
10 117
10 122
10 124
10 125
10 126
10 130
10 131
10 137
10 146
10 152
10 156
10 158
10 161
10 162
10 167
10 168
10 169
10 170
10 171
10 173
10 174
10 175
10 176
10 177
10 182
10 183
10 188
10 191
10 193
10 194
10 199
10 211
10 217
10 218
10 225
10 226
10 227
10 229
10 230
10 234
10 244
10 252
11 13
11 19
11 21
11 22
11 24
11 26
11 32
11 38
11 40
11 41
11 45
11 47
11 49
11 54
11 57
11 58
11 60
11 63
11 65
11 69
11 71
11 74
11 75
11 82
11 85
11 94
11 96
11 104
11 108
11 109
11 112
11 113
11 114
11 119
11 123
11 127
11 129
11 131
11 134
11 140
11 142
11 146
11 147
11 150
11 151
11 152
11 153
11 154
11 156
11 157
11 161
11 163
11 168
11 169
11 170
11 172
11 176
11 183
11 184
11 185
11 187
11 191
11 195
11 196
11 197
11 204
11 208
11 210
11 216
11 220
11 227
11 230
11 241
11 243
11 254
12 13
12 17
12 19
12 20
12 22
12 23
12 24
12 25
12 30
12 33
12 36
12 40
12 45
12 50
12 51
12 52
12 61
12 64
12 69
12 71
12 76
12 77
12 80
12 82
12 83
12 85
12 86
12 87
12 90
12 92
12 99
12 100
12 101
12 102
12 106
12 108
12 109
12 111
12 118
12 119
12 120
12 126
12 136
12 149
12 150
12 154
12 156
12 166
12 167
12 168
12 173
12 175
12 178
12 183
12 189
12 190
12 198
12 205
12 212
12 217
12 218
12 219
12 221
12 225
12 228
12 230
12 232
12 240
12 245
12 253
13 18
13 23
13 24
13 29
13 31
13 34
13 36
13 47
13 50
13 51
13 52
13 54
13 55
13 57
13 60
13 61
13 62
13 63
13 65
13 67
13 69
13 73
13 75
13 82
13 98
13 101
13 106
13 113
13 116
13 120
13 126
13 128
13 129
13 133
13 136
13 139
13 140
13 141
13 143
13 152
13 158
13 159
13 163
13 178
13 179
13 180
13 181
13 182
13 184
13 189
13 190
13 194
13 196
13 198
13 201
13 202
13 206
13 209
13 210
13 212
13 216
13 219
13 220
13 221
13 223
13 224
13 226
13 227
13 230
13 231
13 232
13 235
13 236
13 237
13 241
13 248
13 251
13 253
14 15
14 17
14 22
14 25
14 26
14 27
14 28
14 30
14 35
14 36
14 38
14 39
14 40
14 41
14 43
14 44
14 45
14 48
14 50
14 67
14 70
14 71
14 73
14 76
14 79
14 80
14 84
14 92
14 96
14 97
14 99
14 106
14 109
14 110
14 113
14 127
14 132
14 133
14 137
14 139
14 142
14 143
14 144
14 146
14 147
14 149
14 154
14 156
14 164
14 167
14 168
14 171
14 172
14 181
14 182
14 185
14 192
14 193
14 200
14 201
14 202
14 203
14 209
14 214
14 222
14 225
14 231
14 235
14 239
14 243
14 245
14 248
14 251
14 252
15 24
15 27
15 29
15 31
15 34
15 41
15 42
15 47
15 48
15 56
15 57
15 58
15 63
15 64
15 65
15 66
15 68
15 69
15 77
15 81
15 84
15 85
15 88
15 94
15 95
15 98
15 104
15 110
15 117
15 119
15 123
15 127
15 128
15 134
15 136
15 138
15 140
15 142
15 146
15 147
15 172
15 176
15 179
15 183
15 184
15 189
15 190
15 193
15 194
15 195
15 199
15 202
15 205
15 212
15 213
15 214
15 216
15 218
15 220
15 223
15 225
15 226
15 227
15 228
15 236
15 237
15 243
15 244
15 245
15 248
15 249
15 255
16 17
16 19
16 21
16 23
16 36
16 43
16 44
16 47
16 52
16 56
16 61
16 63
16 64
16 69
16 74
16 76
16 81
16 93
16 98
16 101
16 102
16 104
16 110
16 113
16 121
16 123
16 125
16 126
16 128
16 138
16 139
16 141
16 142
16 143
16 144
16 146
16 147
16 149
16 150
16 155
16 163
16 164
16 166
16 167
16 173
16 178
16 179
16 182
16 183
16 186
16 190
16 193
16 199
16 200
16 214
16 224
16 225
16 230
16 233
16 234
16 237
16 238
16 242
16 247
16 254
17 18
17 19
17 20
17 21
17 22
17 25
17 28
17 30
17 33
17 39
17 41
17 42
17 45
17 50
17 53
17 54
17 62
17 63
17 67
17 72
17 73
17 78
17 79
17 84
17 87
17 89
17 91
17 97
17 102
17 109
17 113
17 114
17 120
17 129
17 130
17 134
17 136
17 138
17 139
17 142
17 144
17 146
17 152
17 153
17 155
17 160
17 161
17 162
17 163
17 166
17 168
17 169
17 170
17 173
17 176
17 180
17 183
17 187
17 188
17 189
17 198
17 199
17 200
17 202
17 204
17 212
17 222
17 224
17 226
17 230
17 231
17 233
17 234
17 240
17 243
17 249
17 251
18 28
18 29
18 31
18 34
18 46
18 47
18 52
18 59
18 67
18 71
18 75
18 76
18 80
18 82
18 84
18 89
18 91
18 101
18 103
18 107
18 111
18 112
18 114
18 116
18 120
18 125
18 129
18 133
18 134
18 137
18 142
18 143
18 145
18 146
18 149
18 150
18 156
18 163
18 164
18 166
18 167
18 168
18 169
18 172
18 173
18 190
18 196
18 198
18 202
18 208
18 209
18 210
18 212
18 213
18 215
18 216
18 217
18 221
18 224
18 225
18 227
18 228
18 229
18 236
18 238
18 239
18 242
18 247
18 250
18 251
18 252
19 23
19 26
19 35
19 38
19 47
19 48
19 51
19 57
19 60
19 62
19 63
19 67
19 69
19 70
19 71
19 73
19 77
19 78
19 79
19 83
19 86
19 91
19 97
19 98
19 101
19 103
19 104
19 114
19 120
19 123
19 124
19 125
19 126
19 131
19 133
19 138
19 140
19 142
19 144
19 145
19 146
19 147
19 148
19 152
19 157
19 159
19 164
19 168
19 169
19 173
19 174
19 175
19 181
19 182
19 186
19 187
19 188
19 192
19 193
19 196
19 198
19 201
19 207
19 210
19 223
19 224
19 225
19 227
19 233
19 241
19 243
19 244
19 245
19 246
19 250
19 252
19 253
20 38
20 41
20 42
20 49
20 50
20 53
20 55
20 56
20 58
20 61
20 72
20 76
20 86
20 89
20 90
20 91
20 94
20 95
20 97
20 104
20 111
20 114
20 115
20 121
20 123
20 125
20 126
20 137
20 138
20 142
20 150
20 158
20 168
20 171
20 172
20 187
20 189
20 191
20 193
20 196
20 197
20 200
20 204
20 205
20 209
20 211
20 213
20 214
20 218
20 219
20 220
20 221
20 222
20 226
20 229
20 230
20 232
20 233
20 238
20 239
20 241
20 243
20 246
20 249
20 252
21 23
21 24
21 28
21 29
21 30
21 31
21 33
21 36
21 38
21 39
21 45
21 46
21 48
21 49
21 50
21 52
21 53
21 55
21 56
21 57
21 59
21 61
21 64
21 67
21 71
21 76
21 77
21 81
21 82
21 83
21 85
21 87
21 91
21 97
21 99
21 101
21 103
21 107
21 110
21 116
21 119
21 120
21 122
21 125
21 132
21 133
21 137
21 142
21 146
21 147
21 148
21 149
21 151
21 153
21 155
21 158
21 162
21 166
21 170
21 171
21 172
21 176
21 182
21 188
21 195
21 196
21 202
21 205
21 212
21 220
21 225
21 226
21 233
21 236
21 242
21 243
21 247
21 249
22 23
22 25
22 27
22 32
22 39
22 41
22 45
22 48
22 53
22 55
22 57
22 59
22 60
22 66
22 67
22 68
22 70
22 75
22 76
22 77
22 88
22 91
22 94
22 100
22 106
22 108
22 111
22 120
22 130
22 132
22 133
22 141
22 151
22 153
22 154
22 155
22 159
22 161
22 168
22 180
22 184
22 187
22 188
22 191
22 193
22 194
22 195
22 196
22 202
22 209
22 214
22 215
22 225
22 231
22 232
22 241
22 246
22 247
22 248
22 252
23 29
23 42
23 43
23 44
23 47
23 49
23 62
23 63
23 65
23 73
23 75
23 82
23 83
23 84
23 85
23 86
23 90
23 91
23 93
23 95
23 100
23 101
23 104
23 105
23 106
23 113
23 116
23 117
23 118
23 121
23 122
23 125
23 127
23 131
23 132
23 137
23 138
23 140
23 141
23 149
23 150
23 153
23 154
23 156
23 157
23 161
23 167
23 168
23 172
23 180
23 186
23 189
23 193
23 194
23 209
23 213
23 220
23 225
23 228
23 232
23 240
23 243
23 245
23 246
23 249
23 253
23 255
24 26
24 29
24 30
24 35
24 37
24 41
24 42
24 44
24 48
24 49
24 50
24 52
24 54
24 59
24 61
24 62
24 67
24 73
24 76
24 78
24 87
24 88
24 89
24 91
24 93
24 95
24 99
24 102
24 103
24 106
24 112
24 114
24 115
24 117
24 118
24 119
24 124
24 128
24 129
24 135
24 136
24 145
24 148
24 149
24 150
24 155
24 156
24 162
24 163
24 166
24 167
24 168
24 171
24 172
24 182
24 184
24 185
24 186
24 189
24 193
24 194
24 197
24 199
24 202
24 205
24 207
24 213
24 215
24 216
24 217
24 218
24 219
24 220
24 226
24 232
24 243
24 247
24 248
24 251
24 252
24 253
25 28
25 30
25 35
25 42
25 43
25 45
25 47
25 51
25 58
25 60
25 64
25 66
25 73
25 74
25 75
25 77
25 80
25 82
25 83
25 88
25 89
25 92
25 97
25 100
25 105
25 114
25 116
25 124
25 125
25 126
25 129
25 132
25 135
25 138
25 148
25 164
25 166
25 173
25 175
25 176
25 177
25 178
25 181
25 183
25 192
25 193
25 195
25 199
25 200
25 203
25 211
25 213
25 217
25 218
25 219
25 222
25 230
25 235
25 239
25 241
25 246
25 248
25 250
25 255
26 28
26 29
26 34
26 45
26 50
26 51
26 54
26 55
26 57
26 63
26 64
26 69
26 73
26 76
26 82
26 84
26 99
26 101
26 102
26 103
26 109
26 111
26 113
26 114
26 115
26 118
26 119
26 121
26 124
26 132
26 134
26 135
26 144
26 147
26 151
26 154
26 155
26 160
26 163
26 184
26 185
26 190
26 191
26 193
26 195
26 201
26 212
26 217
26 219
26 221
26 222
26 223
26 224
26 229
26 230
26 231
26 232
26 234
26 235
26 236
26 253
26 255
27 30
27 31
27 45
27 47
27 51
27 53
27 58
27 61
27 65
27 66
27 67
27 73
27 76
27 77
27 78
27 80
27 81
27 85
27 98
27 101
27 104
27 105
27 108
27 133
27 136
27 150
27 170
27 172
27 174
27 176
27 180
27 190
27 198
27 201
27 202
27 206
27 219
27 226
27 227
27 228
27 229
27 232
27 234
27 235
27 238
27 239
27 242
27 244
27 245
27 248
27 249
27 250
27 251
27 252
28 35
28 36
28 38
28 40
28 42
28 53
28 54
28 56
28 57
28 60
28 63
28 64
28 70
28 72
28 74
28 80
28 88
28 89
28 95
28 96
28 98
28 103
28 105
28 112
28 115
28 118
28 122
28 124
28 127
28 128
28 130
28 131
28 145
28 160
28 161
28 162
28 163
28 165
28 169
28 170
28 175
28 179
28 190
28 191
28 195
28 198
28 205
28 208
28 210
28 213
28 218
28 220
28 225
28 236
28 242
28 243
28 244
28 245
28 249
28 253
28 255
29 35
29 41
29 56
29 58
29 60
29 61
29 62
29 66
29 70
29 75
29 77
29 80
29 81
29 82
29 83
29 84
29 85
29 88
29 89
29 91
29 93
29 94
29 95
29 96
29 97
29 98
29 106
29 107
29 111
29 112
29 120
29 126
29 128
29 135
29 136
29 139
29 142
29 144
29 145
29 146
29 148
29 155
29 161
29 164
29 166
29 169
29 180
29 186
29 187
29 190
29 196
29 202
29 204
29 210
29 211
29 215
29 217
29 218
29 223
29 225
29 228
29 229
29 232
29 240
29 243
29 244
29 245
29 247
29 248
29 251
29 255
30 35
30 39
30 45
30 47
30 49
30 51
30 55
30 57
30 58
30 60
30 64
30 65
30 66
30 69
30 70
30 77
30 78
30 79
30 80
30 84
30 85
30 87
30 89
30 91
30 104
30 119
30 132
30 135
30 139
30 143
30 146
30 150
30 154
30 155
30 159
30 161
30 168
30 169
30 173
30 182
30 184
30 187
30 192
30 193
30 194
30 195
30 196
30 201
30 204
30 206
30 210
30 218
30 220
30 221
30 223
30 226
30 231
30 233
30 234
30 235
30 237
30 242
30 243
30 245
30 247
30 248
30 251
30 252
30 255
31 34
31 36
31 37
31 41
31 42
31 43
31 46
31 47
31 52
31 54
31 56
31 60
31 63
31 69
31 71
31 73
31 74
31 76
31 81
31 85
31 91
31 95
31 96
31 98
31 106
31 107
31 110
31 116
31 117
31 118
31 126
31 127
31 132
31 133
31 136
31 142
31 143
31 150
31 151
31 158
31 159
31 165
31 170
31 176
31 182
31 184
31 188
31 191
31 193
31 194
31 197
31 199
31 205
31 207
31 208
31 209
31 213
31 221
31 222
31 223
31 224
31 227
31 230
31 241
31 243
31 245
31 252
31 253
32 33
32 36
32 37
32 38
32 41
32 46
32 47
32 49
32 50
32 58
32 59
32 60
32 61
32 62
32 64
32 65
32 66
32 67
32 68
32 76
32 79
32 80
32 82
32 83
32 84
32 92
32 97
32 102
32 105
32 112
32 115
32 116
32 120
32 124
32 128
32 132
32 136
32 138
32 139
32 141
32 147
32 153
32 156
32 165
32 167
32 171
32 172
32 174
32 175
32 176
32 184
32 195
32 196
32 200
32 202
32 203
32 204
32 206
32 209
32 214
32 216
32 222
32 223
32 226
32 227
32 230
32 233
32 240
32 243
32 253
33 34
33 35
33 39
33 40
33 46
33 48
33 50
33 51
33 53
33 57
33 63
33 67
33 72
33 73
33 76
33 77
33 78
33 81
33 82
33 83
33 86
33 89
33 93
33 94
33 95
33 97
33 98
33 99
33 108
33 111
33 112
33 114
33 116
33 120
33 122
33 123
33 128
33 129
33 131
33 135
33 136
33 137
33 140
33 146
33 151
33 154
33 155
33 158
33 163
33 164
33 165
33 167
33 168
33 173
33 180
33 181
33 182
33 186
33 188
33 189
33 193
33 194
33 200
33 202
33 205
33 209
33 212
33 217
33 221
33 222
33 223
33 224
33 229
33 234
33 241
33 249
33 251
33 252
34 36
34 37
34 42
34 43
34 57
34 58
34 61
34 62
34 64
34 67
34 73
34 80
34 82
34 86
34 98
34 101
34 105
34 107
34 108
34 110
34 115
34 116
34 117
34 123
34 125
34 128
34 132
34 142
34 145
34 152
34 154
34 167
34 169
34 175
34 178
34 180
34 182
34 183
34 186
34 196
34 198
34 206
34 207
34 219
34 223
34 224
34 231
34 234
34 239
34 240
34 243
34 247
34 248
34 252
34 253
35 37
35 39
35 40
35 45
35 50
35 52
35 57
35 59
35 61
35 64
35 68
35 69
35 71
35 76
35 78
35 80
35 82
35 84
35 85
35 97
35 98
35 99
35 101
35 105
35 109
35 112
35 116
35 121
35 123
35 126
35 130
35 131
35 133
35 134
35 138
35 145
35 146
35 148
35 149
35 159
35 160
35 163
35 165
35 166
35 171
35 173
35 174
35 179
35 188
35 191
35 194
35 199
35 201
35 202
35 205
35 208
35 212
35 216
35 221
35 224
35 225
35 226
35 228
35 231
35 232
35 238
35 239
35 243
35 250
35 252
36 38
36 39
36 42
36 47
36 48
36 53
36 54
36 56
36 57
36 58
36 64
36 67
36 69
36 71
36 72
36 77
36 78
36 79
36 80
36 81
36 83
36 85
36 86
36 92
36 94
36 96
36 97
36 99
36 106
36 109
36 113
36 118
36 120
36 124
36 125
36 126
36 128
36 130
36 133
36 135
36 136
36 137
36 140
36 146
36 148
36 150
36 151
36 155
36 159
36 168
36 171
36 173
36 174
36 176
36 179
36 180
36 181
36 182
36 185
36 189
36 191
36 197
36 198
36 206
36 209
36 213
36 215
36 218
36 220
36 222
36 223
36 224
36 225
36 228
36 229
36 236
36 237
36 239
36 241
36 249
36 250
36 252
37 41
37 43
37 46
37 48
37 49
37 51
37 53
37 60
37 61
37 62
37 65
37 66
37 67
37 70
37 73
37 81
37 84
37 85
37 88
37 89
37 95
37 98
37 103
37 105
37 107
37 114
37 120
37 121
37 125
37 127
37 130
37 131
37 134
37 139
37 143
37 148
37 153
37 154
37 155
37 156
37 157
37 175
37 179
37 182
37 184
37 197
37 198
37 199
37 201
37 205
37 206
37 219
37 224
37 225
37 231
37 232
37 237
37 239
37 240
37 245
37 248
37 252
37 254
37 255
38 41
38 42
38 44
38 46
38 51
38 53
38 58
38 62
38 70
38 72
38 75
38 76
38 77
38 80
38 82
38 93
38 94
38 97
38 99
38 101
38 102
38 109
38 116
38 122
38 129
38 130
38 132
38 139
38 140
38 143
38 144
38 147
38 148
38 155
38 161
38 168
38 170
38 172
38 173
38 177
38 180
38 182
38 189
38 191
38 194
38 198
38 200
38 208
38 210
38 214
38 217
38 218
38 221
38 223
38 225
38 228
38 231
38 232
38 234
38 238
38 240
38 243
38 244
38 245
38 246
38 249
38 250
39 41
39 47
39 51
39 52
39 56
39 58
39 59
39 71
39 73
39 75
39 81
39 82
39 83
39 84
39 95
39 97
39 102
39 105
39 109
39 116
39 117
39 120
39 123
39 127
39 131
39 132
39 134
39 136
39 137
39 138
39 139
39 141
39 147
39 148
39 152
39 154
39 163
39 169
39 174
39 176
39 178
39 180
39 181
39 182
39 186
39 196
39 197
39 198
39 199
39 200
39 203
39 206
39 209
39 212
39 213
39 215
39 216
39 223
39 226
39 232
39 233
39 234
39 239
39 240
39 244
39 245
39 248
39 250
39 251
39 254
40 42
40 44
40 47
40 50
40 53
40 54
40 61
40 75
40 80
40 82
40 83
40 87
40 90
40 98
40 99
40 102
40 107
40 109
40 110
40 111
40 116
40 118
40 120
40 124
40 133
40 134
40 140
40 141
40 148
40 150
40 151
40 152
40 157
40 160
40 162
40 169
40 170
40 171
40 172
40 177
40 181
40 185
40 186
40 193
40 194
40 195
40 199
40 202
40 203
40 204
40 207
40 209
40 212
40 213
40 214
40 215
40 216
40 221
40 228
40 229
40 230
40 232
40 233
40 248
40 249
40 250
40 251
40 253
40 254
40 255
41 44
41 46
41 47
41 48
41 49
41 57
41 60
41 66
41 67
41 70
41 71
41 73
41 75
41 77
41 81
41 82
41 83
41 84
41 88
41 90
41 91
41 92
41 96
41 97
41 98
41 105
41 117
41 136
41 137
41 139
41 140
41 142
41 143
41 145
41 146
41 149
41 152
41 157
41 158
41 163
41 165
41 173
41 176
41 177
41 180
41 189
41 196
41 198
41 199
41 207
41 211
41 214
41 216
41 217
41 218
41 225
41 227
41 229
41 231
41 233
41 240
41 245
41 250
42 43
42 45
42 48
42 49
42 51
42 56
42 59
42 61
42 64
42 80
42 86
42 87
42 90
42 98
42 100
42 101
42 102
42 103
42 109
42 112
42 113
42 118
42 122
42 124
42 130
42 132
42 147
42 152
42 153
42 155
42 157
42 162
42 167
42 171
42 174
42 179
42 184
42 185
42 188
42 189
42 194
42 196
42 202
42 208
42 213
42 214
42 215
42 218
42 225
42 226
42 227
42 229
42 234
42 237
42 239
42 242
42 254
42 255
43 48
43 56
43 61
43 65
43 71
43 73
43 76
43 78
43 79
43 82
43 85
43 86
43 87
43 90
43 91
43 92
43 94
43 95
43 97
43 99
43 101
43 107
43 108
43 109
43 110
43 113
43 117
43 119
43 128
43 136
43 137
43 140
43 141
43 142
43 149
43 154
43 156
43 160
43 163
43 165
43 166
43 168
43 170
43 175
43 179
43 180
43 181
43 189
43 190
43 191
43 192
43 196
43 198
43 202
43 204
43 212
43 216
43 221
43 224
43 225
43 226
43 229
43 237
43 238
43 248
43 249
43 251
43 252
44 47
44 49
44 50
44 56
44 57
44 58
44 61
44 63
44 65
44 68
44 74
44 77
44 79
44 81
44 82
44 83
44 85
44 93
44 94
44 107
44 108
44 109
44 111
44 113
44 116
44 120
44 130
44 135
44 139
44 141
44 142
44 143
44 144
44 148
44 152
44 154
44 158
44 166
44 167
44 172
44 180
44 181
44 183
44 192
44 193
44 196
44 199
44 204
44 207
44 210
44 212
44 218
44 222
44 223
44 225
44 228
44 233
44 235
44 241
44 244
44 249
44 254
45 47
45 49
45 51
45 56
45 58
45 59
45 62
45 63
45 64
45 65
45 66
45 69
45 73
45 75
45 78
45 80
45 82
45 84
45 86
45 87
45 89
45 95
45 100
45 106
45 111
45 115
45 118
45 123
45 127
45 132
45 135
45 137
45 143
45 144
45 148
45 154
45 157
45 159
45 164
45 165
45 167
45 168
45 170
45 171
45 172
45 173
45 175
45 176
45 179
45 180
45 181
45 186
45 187
45 190
45 191
45 192
45 194
45 197
45 218
45 222
45 224
45 230
45 231
45 233
45 235
45 246
45 249
45 252
45 253
45 255
46 47
46 50
46 52
46 61
46 62
46 63
46 64
46 65
46 67
46 68
46 75
46 79
46 80
46 84
46 87
46 91
46 98
46 101
46 104
46 114
46 117
46 119
46 127
46 129
46 133
46 134
46 136
46 142
46 147
46 149
46 152
46 155
46 162
46 163
46 165
46 170
46 172
46 175
46 185
46 186
46 187
46 194
46 195
46 203
46 207
46 208
46 210
46 216
46 217
46 223
46 226
46 228
46 231
46 232
46 233
46 236
46 239
46 241
46 253
47 48
47 55
47 64
47 68
47 72
47 76
47 80
47 82
47 87
47 88
47 92
47 93
47 95
47 96
47 97
47 98
47 101
47 103
47 106
47 111
47 112
47 117
47 118
47 121
47 125
47 126
47 133
47 137
47 140
47 142
47 143
47 146
47 149
47 151
47 152
47 154
47 157
47 159
47 161
47 163
47 171
47 173
47 178
47 186
47 188
47 198
47 202
47 203
47 205
47 213
47 214
47 221
47 222
47 225
47 226
47 230
47 233
47 235
47 236
47 237
47 239
47 247
47 248
47 251
47 254
47 255
48 50
48 51
48 53
48 55
48 62
48 65
48 66
48 73
48 75
48 79
48 83
48 85
48 87
48 99
48 100
48 103
48 109
48 112
48 113
48 116
48 118
48 123
48 124
48 125
48 129
48 134
48 135
48 136
48 144
48 148
48 149
48 155
48 158
48 159
48 160
48 164
48 170
48 174
48 180
48 191
48 195
48 198
48 202
48 206
48 207
48 208
48 209
48 210
48 215
48 216
48 223
48 226
48 228
48 232
48 235
48 236
48 240
48 244
48 245
48 247
48 248
48 251
48 253
48 255
49 56
49 58
49 59
49 60
49 62
49 63
49 67
49 69
49 75
49 78
49 79
49 80
49 81
49 82
49 83
49 90
49 94
49 97
49 101
49 102
49 104
49 111
49 113
49 115
49 118
49 119
49 129
49 132
49 137
49 139
49 141
49 143
49 145
49 148
49 155
49 156
49 161
49 165
49 168
49 176
49 182
49 189
49 190
49 193
49 198
49 203
49 204
49 206
49 207
49 213
49 214
49 219
49 220
49 221
49 222
49 223
49 224
49 228
49 229
49 230
49 234
49 237
49 240
49 244
49 247
50 53
50 55
50 57
50 60
50 64
50 69
50 70
50 77
50 78
50 84
50 88
50 93
50 94
50 95
50 96
50 100
50 104
50 105
50 108
50 114
50 115
50 125
50 126
50 127
50 129
50 130
50 132
50 133
50 146
50 148
50 150
50 155
50 164
50 166
50 167
50 171
50 176
50 179
50 185
50 187
50 189
50 196
50 199
50 200
50 203
50 206
50 209
50 213
50 219
50 224
50 225
50 226
50 228
50 230
50 231
50 236
50 239
50 240
50 243
50 244
50 248
50 251
51 61
51 62
51 63
51 65
51 68
51 69
51 72
51 76
51 77
51 83
51 86
51 88
51 91
51 92
51 94
51 98
51 100
51 102
51 105
51 106
51 108
51 110
51 117
51 120
51 121
51 122
51 125
51 128
51 133
51 134
51 136
51 137
51 139
51 140
51 143
51 147
51 151
51 153
51 163
51 166
51 168
51 178
51 179
51 180
51 183
51 184
51 185
51 187
51 191
51 195
51 196
51 207
51 216
51 220
51 231
51 236
51 238
51 240
51 246
51 254
52 55
52 56
52 57
52 66
52 68
52 69
52 72
52 74
52 75
52 81
52 82
52 83
52 84
52 85
52 86
52 92
52 93
52 94
52 95
52 96
52 98
52 100
52 101
52 103
52 106
52 108
52 109
52 110
52 115
52 118
52 119
52 122
52 127
52 129
52 131
52 137
52 141
52 143
52 146
52 162
52 165
52 171
52 173
52 182
52 186
52 189
52 192
52 193
52 206
52 217
52 219
52 220
52 226
52 227
52 229
52 232
52 233
52 235
52 236
52 237
52 242
52 243
52 244
52 246
52 247
52 255
53 54
53 55
53 57
53 61
53 62
53 65
53 75
53 76
53 78
53 83
53 94
53 97
53 98
53 99
53 102
53 105
53 109
53 114
53 116
53 118
53 119
53 123
53 126
53 128
53 132
53 134
53 147
53 154
53 160
53 161
53 163
53 168
53 169
53 173
53 180
53 186
53 192
53 196
53 198
53 199
53 202
53 205
53 212
53 213
53 214
53 218
53 221
53 225
53 226
53 227
53 228
53 230
53 233
53 234
53 235
53 236
53 237
53 240
53 241
53 242
53 244
53 250
53 252
53 254
54 55
54 59
54 67
54 71
54 74
54 76
54 78
54 80
54 81
54 85
54 86
54 89
54 95
54 98
54 99
54 103
54 106
54 110
54 114
54 119
54 121
54 124
54 126
54 132
54 134
54 137
54 138
54 141
54 143
54 147
54 149
54 154
54 157
54 159
54 160
54 166
54 167
54 170
54 171
54 175
54 176
54 177
54 179
54 180
54 183
54 188
54 189
54 194
54 198
54 199
54 200
54 201
54 204
54 205
54 209
54 210
54 211
54 213
54 227
54 230
54 234
54 236
54 239
54 245
54 251
54 253
54 254
54 255
55 56
55 58
55 64
55 66
55 68
55 74
55 77
55 79
55 81
55 84
55 89
55 90
55 91
55 96
55 97
55 98
55 110
55 111
55 113
55 117
55 118
55 119
55 120
55 121
55 122
55 123
55 126
55 128
55 131
55 133
55 134
55 136
55 137
55 143
55 144
55 156
55 157
55 167
55 171
55 173
55 174
55 175
55 176
55 178
55 179
55 181
55 184
55 185
55 188
55 193
55 195
55 199
55 202
55 205
55 209
55 211
55 218
55 219
55 220
55 223
55 229
55 230
55 232
55 233
55 235
55 238
55 242
55 243
55 245
55 246
56 57
56 65
56 66
56 69
56 74
56 75
56 77
56 79
56 87
56 88
56 92
56 93
56 101
56 102
56 109
56 111
56 112
56 116
56 120
56 121
56 122
56 124
56 126
56 127
56 129
56 130
56 132
56 135
56 137
56 138
56 140
56 153
56 156
56 161
56 162
56 163
56 164
56 165
56 166
56 167
56 168
56 169
56 170
56 172
56 176
56 180
56 181
56 182
56 184
56 186
56 189
56 190
56 194
56 196
56 197
56 198
56 199
56 200
56 201
56 205
56 212
56 217
56 219
56 220
56 223
56 224
56 225
56 228
56 234
56 236
56 240
56 250
56 253
56 254
57 59
57 62
57 63
57 65
57 68
57 71
57 74
57 75
57 76
57 85
57 94
57 97
57 109
57 113
57 115
57 123
57 124
57 132
57 136
57 140
57 154
57 163
57 165
57 172
57 177
57 179
57 182
57 185
57 188
57 190
57 196
57 198
57 200
57 202
57 205
57 208
57 209
57 213
57 215
57 217
57 218
57 219
57 220
57 225
57 233
57 234
57 236
57 237
57 240
57 241
57 245
57 248
57 252
57 253
58 65
58 77
58 82
58 85
58 89
58 90
58 94
58 95
58 96
58 102
58 103
58 104
58 110
58 112
58 121
58 127
58 136
58 139
58 140
58 141
58 143
58 149
58 150
58 154
58 157
58 158
58 165
58 167
58 169
58 170
58 174
58 175
58 177
58 178
58 180
58 181
58 182
58 186
58 189
58 200
58 201
58 204
58 207
58 213
58 218
58 219
58 225
58 226
58 227
58 228
58 229
58 243
58 245
58 247
58 248
58 250
58 251
59 62
59 64
59 68
59 69
59 70
59 74
59 79
59 84
59 86
59 88
59 90
59 95
59 97
59 100
59 103
59 104
59 105
59 112
59 113
59 114
59 117
59 118
59 120
59 121
59 125
59 127
59 130
59 139
59 141
59 144
59 149
59 150
59 153
59 155
59 156
59 157
59 161
59 169
59 170
59 177
59 180
59 183
59 184
59 192
59 196
59 197
59 201
59 202
59 204
59 208
59 210
59 211
59 215
59 218
59 220
59 221
59 223
59 226
59 230
59 231
59 232
59 233
59 235
59 238
59 242
59 243
59 244
59 248
59 250
59 253
60 62
60 74
60 76
60 79
60 80
60 81
60 85
60 87
60 93
60 94
60 96
60 97
60 102
60 103
60 104
60 106
60 108
60 119
60 121
60 124
60 126
60 127
60 128
60 132
60 133
60 135
60 137
60 139
60 148
60 152
60 154
60 158
60 159
60 161
60 165
60 173
60 177
60 183
60 186
60 188
60 190
60 197
60 200
60 203
60 204
60 205
60 209
60 214
60 217
60 219
60 220
60 224
60 227
60 230
60 232
60 240
60 246
60 247
60 252
60 253
60 255
61 63
61 69
61 78
61 85
61 91
61 92
61 93
61 96
61 102
61 103
61 105
61 108
61 117
61 118
61 121
61 131
61 133
61 141
61 149
61 150
61 159
61 163
61 177
61 181
61 183
61 184
61 187
61 193
61 199
61 212
61 214
61 217
61 221
61 228
61 232
61 233
61 239
61 250
61 253
62 64
62 70
62 75
62 82
62 83
62 85
62 86
62 90
62 96
62 100
62 104
62 117
62 119
62 120
62 122
62 124
62 130
62 132
62 134
62 135
62 138
62 143
62 151
62 160
62 162
62 165
62 167
62 169
62 174
62 176
62 179
62 181
62 182
62 186
62 187
62 188
62 192
62 193
62 195
62 198
62 200
62 202
62 207
62 212
62 213
62 214
62 216
62 221
62 224
62 227
62 231
62 233
62 239
62 241
62 244
62 251
62 254
63 64
63 66
63 67
63 69
63 71
63 73
63 80
63 81
63 86
63 90
63 91
63 93
63 95
63 98
63 99
63 101
63 102
63 105
63 108
63 109
63 113
63 115
63 117
63 119
63 120
63 121
63 123
63 127
63 133
63 136
63 143
63 154
63 155
63 156
63 162
63 166
63 173
63 181
63 184
63 185
63 191
63 193
63 196
63 198
63 199
63 201
63 202
63 209
63 210
63 218
63 223
63 226
63 230
63 232
63 237
63 240
63 242
63 246
64 67
64 69
64 71
64 72
64 73
64 74
64 75
64 83
64 95
64 96
64 98
64 100
64 101
64 106
64 107
64 108
64 113
64 121
64 123
64 124
64 127
64 129
64 131
64 134
64 141
64 144
64 146
64 149
64 150
64 152
64 155
64 163
64 164
64 165
64 182
64 189
64 191
64 193
64 194
64 195
64 196
64 197
64 203
64 206
64 210
64 211
64 212
64 213
64 214
64 215
64 219
64 220
64 221
64 222
64 223
64 225
64 229
64 230
64 234
64 236
64 237
64 239
64 243
64 245
64 246
64 247
64 248
64 250
64 251
65 70
65 73
65 76
65 83
65 87
65 88
65 89
65 101
65 103
65 104
65 105
65 107
65 111
65 112
65 114
65 115
65 117
65 121
65 128
65 130
65 134
65 136
65 140
65 141
65 142
65 144
65 145
65 146
65 147
65 150
65 152
65 155
65 157
65 158
65 160
65 163
65 165
65 170
65 183
65 185
65 190
65 193
65 195
65 196
65 202
65 207
65 208
65 216
65 218
65 226
65 232
65 235
65 237
65 238
65 240
65 245
65 248
65 249
65 253
65 254
66 68
66 69
66 71
66 75
66 76
66 77
66 81
66 86
66 87
66 90
66 94
66 96
66 99
66 100
66 103
66 110
66 112
66 117
66 125
66 128
66 131
66 135
66 142
66 146
66 149
66 151
66 153
66 154
66 156
66 157
66 161
66 163
66 164
66 168
66 169
66 173
66 178
66 183
66 187
66 189
66 196
66 203
66 206
66 210
66 211
66 212
66 215
66 217
66 219
66 221
66 230
66 233
66 234
66 235
66 238
66 241
66 244
66 246
66 250
66 253
67 68
67 69
67 71
67 74
67 77
67 78
67 79
67 91
67 99
67 101
67 104
67 105
67 106
67 111
67 116
67 121
67 138
67 140
67 144
67 145
67 146
67 147
67 149
67 152
67 154
67 156
67 159
67 167
67 169
67 170
67 171
67 172
67 179
67 182
67 183
67 184
67 186
67 188
67 194
67 197
67 198
67 200
67 205
67 208
67 210
67 215
67 217
67 221
67 226
67 228
67 229
67 233
67 239
67 243
67 246
67 250
68 69
68 78
68 90
68 92
68 96
68 97
68 98
68 105
68 106
68 112
68 116
68 121
68 129
68 135
68 139
68 140
68 143
68 145
68 150
68 152
68 155
68 157
68 158
68 164
68 169
68 170
68 176
68 177
68 180
68 181
68 182
68 185
68 190
68 196
68 198
68 201
68 202
68 203
68 205
68 206
68 210
68 211
68 212
68 217
68 221
68 222
68 224
68 225
68 230
68 232
68 233
68 235
68 237
68 241
68 242
68 246
68 248
68 252
69 70
69 71
69 76
69 78
69 79
69 84
69 86
69 87
69 92
69 94
69 101
69 106
69 108
69 109
69 110
69 112
69 118
69 126
69 127
69 130
69 131
69 143
69 151
69 152
69 153
69 154
69 156
69 158
69 161
69 168
69 171
69 172
69 180
69 184
69 187
69 188
69 191
69 194
69 195
69 203
69 208
69 211
69 212
69 214
69 216
69 218
69 219
69 220
69 223
69 225
69 227
69 229
69 236
69 239
69 241
69 248
69 249
69 254
69 255
70 71
70 82
70 85
70 88
70 91
70 93
70 95
70 96
70 100
70 101
70 104
70 106
70 109
70 111
70 114
70 121
70 122
70 123
70 125
70 128
70 130
70 132
70 136
70 137
70 139
70 143
70 146
70 147
70 148
70 150
70 151
70 153
70 155
70 157
70 164
70 166
70 167
70 168
70 173
70 177
70 180
70 183
70 189
70 193
70 195
70 197
70 199
70 202
70 203
70 205
70 207
70 209
70 210
70 218
70 219
70 221
70 227
70 228
70 229
70 230
70 234
70 237
70 239
70 242
70 246
70 251
70 253
70 254
71 74
71 81
71 89
71 90
71 91
71 96
71 98
71 100
71 101
71 104
71 107
71 111
71 113
71 114
71 118
71 119
71 122
71 138
71 141
71 142
71 146
71 148
71 150
71 151
71 152
71 153
71 155
71 157
71 160
71 164
71 165
71 170
71 173
71 175
71 182
71 183
71 184
71 186
71 192
71 194
71 196
71 204
71 209
71 212
71 215
71 216
71 220
71 230
71 233
71 237
71 245
71 247
71 250
71 251
71 252
71 254
72 79
72 81
72 87
72 93
72 96
72 97
72 98
72 99
72 100
72 101
72 102
72 105
72 110
72 111
72 116
72 125
72 131
72 136
72 138
72 144
72 149
72 151
72 157
72 163
72 165
72 182
72 184
72 190
72 197
72 200
72 203
72 204
72 212
72 216
72 219
72 221
72 223
72 228
72 231
72 233
72 235
72 242
72 247
72 251
72 252
72 255
73 77
73 84
73 86
73 87
73 88
73 92
73 100
73 101
73 105
73 107
73 115
73 117
73 118
73 121
73 123
73 125
73 128
73 129
73 136
73 142
73 145
73 152
73 153
73 155
73 156
73 157
73 159
73 160
73 163
73 168
73 171
73 172
73 177
73 179
73 182
73 183
73 184
73 187
73 189
73 191
73 196
73 199
73 200
73 202
73 203
73 204
73 208
73 211
73 212
73 213
73 221
73 223
73 224
73 225
73 227
73 229
73 230
73 231
73 232
73 233
73 235
73 237
73 242
73 248
73 253
73 254
74 87
74 95
74 96
74 99
74 102
74 108
74 109
74 111
74 117
74 120
74 126
74 128
74 134
74 135
74 138
74 139
74 144
74 145
74 147
74 148
74 151
74 157
74 158
74 159
74 163
74 168
74 169
74 171
74 172
74 174
74 175
74 181
74 184
74 189
74 195
74 202
74 203
74 208
74 214
74 216
74 220
74 222
74 228
74 235
74 239
74 242
74 243
74 248
75 76
75 77
75 80
75 83
75 95
75 98
75 102
75 110
75 111
75 118
75 119
75 120
75 124
75 125
75 131
75 136
75 139
75 140
75 141
75 144
75 148
75 149
75 150
75 152
75 153
75 159
75 171
75 173
75 176
75 177
75 180
75 184
75 191
75 195
75 198
75 207
75 214
75 215
75 216
75 225
75 232
75 236
75 238
75 240
75 241
75 242
75 244
75 245
75 249
75 254
76 77
76 78
76 86
76 87
76 88
76 89
76 91
76 93
76 96
76 101
76 103
76 111
76 113
76 114
76 116
76 118
76 124
76 125
76 126
76 128
76 131
76 132
76 133
76 134
76 136
76 138
76 144
76 145
76 147
76 149
76 155
76 161
76 163
76 167
76 168
76 169
76 170
76 172
76 175
76 179
76 189
76 193
76 206
76 210
76 215
76 216
76 221
76 222
76 223
76 224
76 239
76 248
76 251
76 252
76 253
77 79
77 80
77 81
77 82
77 83
77 87
77 91
77 96
77 103
77 108
77 110
77 111
77 112
77 114
77 121
77 136
77 139
77 141
77 143
77 150
77 156
77 158
77 161
77 162
77 163
77 165
77 166
77 168
77 169
77 172
77 173
77 176
77 186
77 195
77 196
77 199
77 206
77 208
77 213
77 217
77 218
77 222
77 231
77 235
77 237
77 239
77 248
77 250
78 80
78 83
78 85
78 91
78 92
78 97
78 101
78 107
78 108
78 109
78 113
78 115
78 116
78 124
78 126
78 128
78 130
78 131
78 132
78 134
78 147
78 151
78 154
78 155
78 160
78 161
78 163
78 164
78 171
78 177
78 179
78 182
78 186
78 189
78 191
78 194
78 196
78 201
78 208
78 214
78 217
78 220
78 223
78 224
78 225
78 227
78 231
78 233
78 234
78 236
78 238
78 243
78 247
78 250
78 253
78 254
78 255
79 82
79 83
79 87
79 88
79 90
79 94
79 98
79 100
79 101
79 106
79 108
79 112
79 114
79 115
79 125
79 128
79 129
79 130
79 134
79 138
79 146
79 149
79 153
79 155
79 163
79 166
79 174
79 176
79 180
79 183
79 187
79 188
79 190
79 191
79 194
79 195
79 196
79 198
79 205
79 208
79 210
79 215
79 216
79 217
79 219
79 222
79 227
79 229
79 230
79 231
79 233
79 239
80 91
80 92
80 95
80 99
80 105
80 106
80 109
80 110
80 116
80 117
80 121
80 124
80 127
80 129
80 130
80 132
80 134
80 136
80 139
80 146
80 148
80 152
80 153
80 154
80 157
80 159
80 161
80 163
80 167
80 172
80 173
80 179
80 180
80 183
80 186
80 198
80 199
80 200
80 208
80 216
80 217
80 222
80 224
80 226
80 227
80 233
80 234
80 236
80 239
80 243
80 245
80 246
80 247
80 252
80 253
80 254
81 82
81 84
81 89
81 90
81 94
81 95
81 96
81 99
81 100
81 102
81 103
81 106
81 109
81 116
81 117
81 120
81 122
81 123
81 124
81 126
81 128
81 129
81 131
81 132
81 140
81 141
81 142
81 144
81 145
81 147
81 152
81 154
81 157
81 158
81 159
81 163
81 164
81 167
81 169
81 172
81 184
81 185
81 188
81 194
81 195
81 196
81 199
81 204
81 206
81 215
81 226
81 227
81 229
81 230
81 240
81 243
81 249
81 251
81 253
82 91
82 99
82 100
82 103
82 106
82 108
82 120
82 121
82 123
82 127
82 128
82 130
82 135
82 141
82 144
82 147
82 148
82 152
82 153
82 159
82 160
82 165
82 170
82 173
82 178
82 179
82 186
82 187
82 190
82 194
82 195
82 203
82 206
82 207
82 208
82 209
82 212
82 213
82 215
82 218
82 225
82 227
82 233
82 235
82 244
82 250
82 251
82 252
83 86
83 90
83 92
83 96
83 98
83 99
83 101
83 103
83 108
83 109
83 110
83 113
83 114
83 117
83 118
83 119
83 125
83 128
83 131
83 137
83 141
83 142
83 146
83 148
83 150
83 151
83 152
83 155
83 156
83 166
83 169
83 172
83 174
83 180
83 183
83 186
83 187
83 188
83 192
83 193
83 194
83 195
83 198
83 200
83 204
83 209
83 211
83 215
83 221
83 228
83 238
83 241
83 243
83 246
83 247
83 249
83 250
83 255
84 86
84 88
84 89
84 90
84 91
84 92
84 95
84 97
84 101
84 102
84 106
84 108
84 109
84 111
84 117
84 120
84 121
84 123
84 128
84 130
84 134
84 142
84 144
84 145
84 148
84 149
84 156
84 158
84 162
84 163
84 164
84 166
84 172
84 173
84 177
84 181
84 182
84 187
84 189
84 195
84 198
84 199
84 201
84 203
84 204
84 206
84 207
84 215
84 218
84 220
84 225
84 229
84 233
84 234
84 235
84 240
84 241
84 244
84 245
84 246
84 248
84 251
84 252
85 87
85 100
85 104
85 110
85 111
85 114
85 121
85 122
85 124
85 126
85 127
85 135
85 137
85 141
85 142
85 143
85 148
85 152
85 153
85 154
85 156
85 158
85 159
85 160
85 162
85 166
85 167
85 176
85 178
85 180
85 187
85 188
85 189
85 192
85 195
85 198
85 200
85 202
85 207
85 208
85 210
85 216
85 219
85 220
85 227
85 235
85 240
85 242
85 245
85 246
85 249
85 252
86 98
86 103
86 104
86 105
86 106
86 116
86 119
86 120
86 125
86 126
86 129
86 139
86 143
86 145
86 152
86 155
86 159
86 164
86 165
86 170
86 173
86 179
86 186
86 188
86 194
86 197
86 204
86 205
86 207
86 208
86 209
86 213
86 255
87 94
87 97
87 98
87 100
87 102
87 105
87 108
87 112
87 113
87 116
87 118
87 120
87 121
87 124
87 125
87 126
87 136
87 138
87 141
87 142
87 145
87 146
87 147
87 148
87 156
87 158
87 160
87 162
87 166
87 172
87 174
87 175
87 180
87 182
87 186
87 187
87 199
87 202
87 207
87 208
87 210
87 214
87 217
87 223
87 226
87 228
87 235
87 237
87 241
87 244
87 245
87 252
88 89
88 93
88 94
88 96
88 100
88 104
88 105
88 107
88 108
88 116
88 117
88 120
88 121
88 122
88 123
88 124
88 125
88 129
88 132
88 133
88 141
88 143
88 144
88 149
88 150
88 152
88 154
88 169
88 170
88 171
88 173
88 177
88 178
88 180
88 193
88 195
88 197
88 198
88 200
88 201
88 202
88 208
88 209
88 210
88 215
88 216
88 217
88 219
88 221
88 223
88 224
88 228
88 232
88 235
88 241
88 245
88 248
88 250
88 252
89 93
89 94
89 97
89 98
89 101
89 104
89 108
89 111
89 113
89 114
89 119
89 122
89 123
89 124
89 125
89 127
89 132
89 134
89 135
89 136
89 142
89 146
89 147
89 159
89 161
89 162
89 165
89 166
89 167
89 169
89 175
89 180
89 181
89 183
89 184
89 185
89 189
89 192
89 193
89 195
89 198
89 204
89 207
89 208
89 210
89 214
89 215
89 216
89 217
89 219
89 222
89 224
89 227
89 231
89 235
89 238
89 240
89 242
89 244
89 245
89 249
90 93
90 94
90 97
90 99
90 103
90 107
90 108
90 109
90 114
90 118
90 122
90 125
90 129
90 134
90 138
90 141
90 142
90 145
90 146
90 147
90 150
90 154
90 156
90 166
90 168
90 175
90 176
90 177
90 178
90 181
90 187
90 189
90 190
90 191
90 192
90 194
90 196
90 198
90 201
90 205
90 208
90 218
90 219
90 220
90 228
90 229
90 231
90 235
90 239
90 240
90 243
90 244
90 246
90 247
90 250
90 254
91 92
91 101
91 104
91 107
91 111
91 112
91 114
91 115
91 121
91 123
91 124
91 128
91 129
91 136
91 137
91 138
91 141
91 143
91 151
91 159
91 161
91 166
91 168
91 171
91 173
91 176
91 178
91 184
91 185
91 190
91 196
91 197
91 200
91 201
91 204
91 206
91 217
91 218
91 219
91 222
91 225
91 227
91 231
91 234
91 235
91 237
91 239
91 240
91 246
91 250
91 251
91 253
91 255
92 93
92 95
92 96
92 102
92 105
92 109
92 112
92 113
92 118
92 121
92 125
92 130
92 133
92 134
92 135
92 138
92 142
92 143
92 145
92 147
92 157
92 158
92 159
92 167
92 170
92 171
92 174
92 180
92 181
92 183
92 186
92 191
92 194
92 196
92 197
92 201
92 207
92 211
92 214
92 220
92 223
92 224
92 232
92 235
92 236
92 238
92 240
92 243
92 244
92 245
92 246
92 250
92 251
92 252
93 94
93 97
93 100
93 102
93 103
93 104
93 105
93 110
93 114
93 119
93 120
93 121
93 123
93 126
93 128
93 134
93 135
93 136
93 142
93 144
93 147
93 156
93 161
93 164
93 169
93 170
93 172
93 174
93 175
93 180
93 187
93 189
93 196
93 197
93 198
93 203
93 204
93 208
93 210
93 217
93 231
93 240
93 241
93 245
93 250
93 253
94 95
94 98
94 100
94 102
94 103
94 104
94 108
94 109
94 112
94 118
94 121
94 122
94 123
94 124
94 126
94 129
94 130
94 131
94 133
94 134
94 135
94 137
94 139
94 140
94 141
94 145
94 149
94 150
94 161
94 162
94 165
94 176
94 178
94 181
94 192
94 197
94 200
94 201
94 204
94 206
94 207
94 208
94 209
94 212
94 213
94 216
94 217
94 220
94 221
94 234
94 238
94 239
94 242
94 247
94 251
94 254
94 255
95 105
95 108
95 111
95 116
95 120
95 123
95 125
95 129
95 133
95 137
95 139
95 141
95 142
95 143
95 144
95 146
95 154
95 155
95 156
95 158
95 159
95 160
95 162
95 164
95 167
95 168
95 170
95 180
95 187
95 193
95 196
95 202
95 204
95 205
95 215
95 223
95 225
95 226
95 227
95 231
95 234
95 238
95 239
95 241
95 242
95 245
95 252
96 100
96 101
96 103
96 104
96 108
96 109
96 115
96 116
96 120
96 129
96 130
96 132
96 136
96 139
96 141
96 142
96 143
96 146
96 150
96 152
96 155
96 164
96 170
96 173
96 177
96 184
96 185
96 193
96 196
96 198
96 201
96 205
96 208
96 209
96 218
96 219
96 220
96 227
96 231
96 235
96 246
96 247
96 254
96 255
97 100
97 106
97 120
97 121
97 122
97 126
97 129
97 130
97 137
97 138
97 141
97 147
97 149
97 151
97 153
97 155
97 159
97 163
97 165
97 167
97 177
97 178
97 180
97 184
97 185
97 186
97 189
97 194
97 200
97 203
97 204
97 210
97 211
97 216
97 219
97 220
97 226
97 230
97 234
97 235
97 238
97 239
97 240
97 241
97 248
97 249
97 253
97 255
98 104
98 107
98 117
98 119
98 121
98 122
98 124
98 125
98 129
98 132
98 137
98 140
98 143
98 144
98 148
98 150
98 156
98 170
98 172
98 173
98 176
98 178
98 183
98 185
98 188
98 191
98 198
98 200
98 204
98 208
98 209
98 211
98 213
98 218
98 219
98 220
98 222
98 229
98 230
98 231
98 233
98 237
98 242
98 247
98 249
98 251
98 255
99 100
99 102
99 103
99 109
99 120
99 121
99 125
99 129
99 130
99 134
99 139
99 141
99 146
99 148
99 149
99 150
99 155
99 159
99 163
99 175
99 187
99 190
99 192
99 194
99 195
99 197
99 200
99 205
99 206
99 207
99 210
99 212
99 213
99 214
99 217
99 224
99 229
99 239
99 242
99 243
99 246
99 250
99 251
99 252
99 253
100 101
100 105
100 107
100 110
100 112
100 114
100 116
100 129
100 132
100 135
100 137
100 142
100 151
100 157
100 163
100 169
100 171
100 172
100 173
100 178
100 180
100 184
100 185
100 187
100 190
100 202
100 206
100 211
100 216
100 217
100 221
100 222
100 227
100 228
100 235
100 236
100 239
100 240
100 242
100 249
100 252
100 255
101 105
101 107
101 109
101 111
101 117
101 118
101 122
101 133
101 137
101 140
101 141
101 143
101 147
101 149
101 152
101 154
101 163
101 168
101 173
101 174
101 175
101 176
101 179
101 181
101 184
101 185
101 186
101 187
101 190
101 193
101 200
101 202
101 204
101 205
101 207
101 208
101 211
101 212
101 214
101 222
101 223
101 227
101 228
101 230
101 240
101 252
102 104
102 107
102 111
102 120
102 123
102 124
102 129
102 132
102 134
102 135
102 137
102 138
102 141
102 150
102 153
102 160
102 161
102 167
102 169
102 175
102 176
102 177
102 182
102 185
102 186
102 187
102 194
102 195
102 197
102 200
102 203
102 214
102 221
102 222
102 223
102 224
102 225
102 226
102 227
102 229
102 230
102 235
102 236
102 238
102 239
102 245
102 246
102 248
102 249
103 105
103 110
103 114
103 117
103 118
103 126
103 129
103 130
103 132
103 134
103 136
103 139
103 142
103 145
103 146
103 147
103 150
103 151
103 152
103 153
103 154
103 161
103 165
103 171
103 177
103 182
103 186
103 191
103 197
103 201
103 203
103 206
103 211
103 212
103 217
103 219
103 220
103 221
103 223
103 228
103 231
103 237
103 239
103 241
103 243
103 245
103 246
103 247
103 249
103 255
104 107
104 114
104 119
104 120
104 122
104 127
104 128
104 136
104 137
104 141
104 152
104 153
104 154
104 157
104 163
104 170
104 172
104 173
104 175
104 181
104 184
104 187
104 188
104 194
104 199
104 203
104 204
104 205
104 211
104 213
104 216
104 222
104 223
104 224
104 226
104 227
104 232
104 233
104 235
104 240
104 242
104 244
104 251
104 254
105 108
105 115
105 116
105 119
105 121
105 124
105 126
105 129
105 141
105 142
105 143
105 148
105 160
105 164
105 166
105 168
105 169
105 173
105 178
105 182
105 190
105 191
105 195
105 196
105 197
105 200
105 205
105 208
105 210
105 212
105 215
105 218
105 220
105 221
105 224
105 225
105 228
105 233
105 234
105 236
105 240
105 243
105 245
105 248
105 250
105 253
105 255
106 107
106 108
106 111
106 114
106 129
106 133
106 135
106 136
106 139
106 140
106 145
106 147
106 149
106 154
106 155
106 156
106 162
106 164
106 165
106 166
106 182
106 188
106 191
106 196
106 199
106 203
106 204
106 206
106 212
106 219
106 222
106 224
106 226
106 228
106 232
106 235
106 236
106 240
106 242
106 246
106 248
106 252
106 254
106 255
107 108
107 111
107 116
107 117
107 125
107 126
107 127
107 128
107 129
107 136
107 142
107 145
107 148
107 160
107 162
107 168
107 170
107 181
107 188
107 194
107 201
107 204
107 208
107 213
107 214
107 221
107 227
107 228
107 229
107 231
107 240
107 241
107 247
107 252
108 114
108 115
108 119
108 123
108 126
108 127
108 135
108 136
108 140
108 141
108 144
108 145
108 148
108 149
108 153
108 156
108 160
108 164
108 167
108 171
108 180
108 182
108 185
108 189
108 190
108 196
108 200
108 203
108 216
108 217
108 220
108 222
108 223
108 225
108 228
108 229
108 232
108 235
108 238
108 242
108 250
108 252
108 255
109 115
109 116
109 131
109 136
109 139
109 140
109 141
109 143
109 145
109 149
109 150
109 151
109 152
109 157
109 159
109 162
109 173
109 175
109 178
109 179
109 186
109 194
109 195
109 197
109 198
109 204
109 208
109 209
109 216
109 219
109 220
109 221
109 224
109 227
109 228
109 236
109 238
109 239
109 243
109 248
109 253
110 111
110 112
110 114
110 127
110 131
110 132
110 140
110 143
110 144
110 147
110 149
110 153
110 163
110 168
110 170
110 176
110 180
110 186
110 193
110 200
110 201
110 203
110 205
110 212
110 213
110 214
110 215
110 218
110 220
110 223
110 224
110 225
110 226
110 229
110 230
110 232
110 236
110 245
110 247
110 249
110 251
111 117
111 120
111 127
111 128
111 129
111 130
111 132
111 135
111 143
111 144
111 150
111 151
111 154
111 155
111 167
111 169
111 172
111 173
111 174
111 175
111 178
111 188
111 206
111 207
111 209
111 210
111 211
111 220
111 223
111 225
111 226
111 241
111 243
111 244
111 246
111 252
112 114
112 115
112 125
112 127
112 128
112 129
112 133
112 136
112 138
112 151
112 156
112 162
112 164
112 166
112 170
112 172
112 174
112 177
112 179
112 183
112 184
112 189
112 196
112 197
112 198
112 204
112 206
112 207
112 210
112 214
112 220
112 223
112 225
112 227
112 238
112 239
112 244
112 246
112 247
112 248
112 249
112 252
112 253
113 115
113 116
113 118
113 123
113 125
113 126
113 129
113 131
113 133
113 135
113 143
113 147
113 156
113 162
113 163
113 166
113 168
113 169
113 170
113 174
113 178
113 180
113 186
113 192
113 200
113 204
113 205
113 209
113 227
113 228
113 232
113 234
113 238
113 239
113 240
113 242
113 244
113 251
113 253
113 255
114 115
114 117
114 119
114 121
114 123
114 130
114 131
114 137
114 140
114 144
114 145
114 146
114 152
114 153
114 155
114 162
114 164
114 167
114 168
114 174
114 176
114 179
114 181
114 182
114 188
114 192
114 194
114 195
114 203
114 204
114 209
114 212
114 214
114 215
114 222
114 224
114 225
114 226
114 227
114 231
114 240
114 243
114 246
114 251
115 117
115 119
115 124
115 125
115 127
115 128
115 129
115 130
115 140
115 143
115 152
115 154
115 155
115 160
115 161
115 169
115 173
115 180
115 181
115 186
115 192
115 200
115 201
115 203
115 205
115 214
115 217
115 218
115 220
115 225
115 227
115 228
115 229
115 233
115 234
115 235
115 236
115 240
115 241
115 243
115 246
115 249
115 252
115 255
116 118
116 126
116 127
116 128
116 132
116 133
116 134
116 136
116 140
116 142
116 145
116 146
116 147
116 149
116 150
116 152
116 155
116 157
116 159
116 162
116 165
116 170
116 171
116 173
116 180
116 182
116 186
116 188
116 191
116 195
116 199
116 200
116 203
116 204
116 211
116 216
116 221
116 222
116 223
116 224
116 231
116 236
116 237
116 239
116 240
116 241
116 247
116 252
117 118
117 121
117 123
117 128
117 134
117 137
117 139
117 143
117 145
117 147
117 149
117 151
117 153
117 155
117 157
117 159
117 166
117 167
117 170
117 173
117 174
117 176
117 181
117 182
117 185
117 189
117 194
117 197
117 199
117 202
117 205
117 207
117 214
117 216
117 220
117 235
117 236
117 237
117 238
117 239
117 242
117 243
117 248
117 250
117 251
117 252
117 253
118 120
118 121
118 126
118 128
118 130
118 132
118 133
118 139
118 141
118 143
118 144
118 145
118 147
118 149
118 150
118 151
118 154
118 155
118 156
118 159
118 161
118 163
118 167
118 168
118 176
118 177
118 178
118 179
118 181
118 184
118 189
118 192
118 193
118 205
118 209
118 210
118 212
118 213
118 214
118 216
118 217
118 220
118 223
118 226
118 230
118 231
118 232
118 235
118 236
118 237
118 238
118 245
118 248
118 249
118 250
118 254
119 122
119 126
119 142
119 146
119 149
119 151
119 155
119 157
119 160
119 164
119 165
119 166
119 175
119 183
119 186
119 187
119 188
119 197
119 198
119 199
119 204
119 205
119 220
119 229
119 230
119 233
119 236
119 237
119 246
119 250
119 251
119 253
120 130
120 133
120 135
120 137
120 139
120 142
120 143
120 144
120 146
120 147
120 150
120 152
120 153
120 161
120 170
120 173
120 177
120 179
120 181
120 182
120 183
120 185
120 194
120 196
120 202
120 205
120 209
120 212
120 223
120 226
120 230
120 232
120 241
120 243
120 246
120 250
121 123
121 124
121 126
121 132
121 133
121 134
121 138
121 145
121 149
121 151
121 153
121 156
121 160
121 162
121 164
121 172
121 179
121 180
121 198
121 202
121 205
121 207
121 216
121 225
121 227
121 229
121 233
121 234
121 239
121 240
121 241
121 242
121 243
121 247
121 250
121 253
122 124
122 127
122 129
122 134
122 138
122 141
122 153
122 154
122 171
122 174
122 176
122 177
122 182
122 184
122 187
122 188
122 191
122 192
122 195
122 201
122 202
122 205
122 206
122 213
122 215
122 216
122 217
122 221
122 222
122 223
122 224
122 226
122 227
122 229
122 234
122 235
122 244
122 246
122 247
122 250
122 255
123 124
123 126
123 128
123 129
123 131
123 138
123 143
123 148
123 152
123 153
123 158
123 165
123 169
123 170
123 175
123 176
123 177
123 179
123 184
123 185
123 187
123 193
123 195
123 198
123 200
123 201
123 208
123 210
123 215
123 216
123 219
123 220
123 221
123 223
123 226
123 227
123 232
123 235
123 236
123 237
123 238
123 239
123 241
123 247
123 253
123 254
124 125
124 128
124 129
124 136
124 138
124 139
124 140
124 141
124 145
124 146
124 148
124 149
124 151
124 154
124 160
124 162
124 167
124 168
124 171
124 174
124 178
124 180
124 184
124 191
124 192
124 193
124 196
124 198
124 204
124 207
124 210
124 212
124 224
124 225
124 228
124 230
124 233
124 234
124 239
124 241
124 244
125 132
125 136
125 139
125 142
125 143
125 145
125 147
125 148
125 155
125 156
125 161
125 170
125 174
125 175
125 180
125 181
125 182
125 185
125 191
125 195
125 200
125 204
125 207
125 217
125 224
125 229
125 230
125 237
125 241
125 243
125 249
125 250
125 255
126 128
126 134
126 138
126 140
126 141
126 147
126 148
126 149
126 152
126 154
126 155
126 160
126 165
126 166
126 167
126 174
126 177
126 178
126 181
126 187
126 192
126 201
126 202
126 204
126 205
126 206
126 208
126 210
126 221
126 222
126 223
126 225
126 226
126 227
126 231
126 233
126 235
126 236
126 239
126 241
126 243
126 249
126 252
127 137
127 141
127 143
127 147
127 148
127 154
127 161
127 164
127 166
127 169
127 171
127 174
127 175
127 178
127 188
127 189
127 190
127 191
127 193
127 195
127 197
127 200
127 202
127 212
127 213
127 215
127 219
127 223
127 224
127 227
127 232
127 237
127 240
127 242
127 243
127 250
128 129
128 131
128 134
128 141
128 143
128 150
128 151
128 152
128 154
128 160
128 163
128 164
128 166
128 167
128 171
128 179
128 180
128 183
128 185
128 193
128 196
128 197
128 201
128 203
128 206
128 209
128 214
128 215
128 223
128 230
128 231
128 232
128 234
128 235
128 243
128 244
128 249
128 255
129 130
129 131
129 132
129 133
129 136
129 138
129 142
129 146
129 149
129 151
129 152
129 153
129 154
129 159
129 162
129 163
129 164
129 168
129 175
129 177
129 180
129 182
129 183
129 187
129 189
129 192
129 197
129 200
129 202
129 205
129 210
129 211
129 219
129 222
129 223
129 224
129 228
129 229
129 230
129 231
129 234
129 235
129 236
129 237
129 238
129 240
129 244
129 248
130 133
130 146
130 147
130 148
130 151
130 153
130 163
130 165
130 166
130 168
130 169
130 175
130 179
130 181
130 188
130 190
130 193
130 194
130 195
130 201
130 205
130 210
130 211
130 212
130 217
130 220
130 223
130 225
130 228
130 233
130 234
130 236
130 237
130 238
130 247
130 249
130 252
130 254
131 133
131 136
131 140
131 142
131 145
131 153
131 155
131 156
131 159
131 165
131 170
131 172
131 176
131 177
131 185
131 187
131 194
131 196
131 198
131 202
131 207
131 210
131 211
131 214
131 217
131 218
131 219
131 220
131 221
131 226
131 227
131 229
131 230
131 231
131 232
131 235
131 240
131 245
131 248
131 250
131 251
131 254
132 139
132 151
132 157
132 164
132 166
132 174
132 183
132 187
132 189
132 190
132 191
132 195
132 203
132 211
132 216
132 217
132 218
132 221
132 222
132 227
132 235
132 239
132 240
132 241
132 242
132 243
132 249
132 252
132 254
133 136
133 140
133 143
133 147
133 148
133 150
133 153
133 158
133 160
133 161
133 164
133 167
133 173
133 178
133 181
133 182
133 189
133 192
133 194
133 195
133 200
133 203
133 204
133 206
133 210
133 217
133 222
133 226
133 227
133 229
133 234
133 236
133 240
133 244
133 245
133 250
133 251
133 253
133 254
134 136
134 138
134 140
134 143
134 149
134 150
134 154
134 156
134 157
134 163
134 175
134 176
134 181
134 183
134 189
134 191
134 195
134 197
134 204
134 205
134 212
134 220
134 229
134 231
134 236
134 239
134 240
134 242
134 243
134 244
134 245
134 249
134 254
135 140
135 141
135 142
135 146
135 149
135 151
135 155
135 156
135 162
135 163
135 166
135 168
135 169
135 172
135 177
135 178
135 179
135 184
135 189
135 190
135 194
135 195
135 197
135 198
135 203
135 206
135 213
135 217
135 218
135 228
135 231
135 235
135 236
135 238
135 239
135 241
135 250
135 251
135 253
135 254
136 142
136 146
136 149
136 151
136 152
136 154
136 156
136 157
136 159
136 160
136 161
136 162
136 164
136 167
136 168
136 171
136 179
136 184
136 186
136 188
136 192
136 202
136 206
136 207
136 208
136 210
136 211
136 215
136 218
136 220
136 221
136 222
136 223
136 225
136 226
136 242
136 245
136 248
136 253
137 149
137 153
137 154
137 162
137 165
137 172
137 173
137 179
137 181
137 183
137 184
137 186
137 187
137 192
137 193
137 198
137 201
137 203
137 205
137 215
137 217
137 221
137 222
137 224
137 227
137 230
137 232
137 238
137 244
137 247
137 249
137 251
137 253
137 255
138 143
138 152
138 161
138 163
138 165
138 168
138 169
138 172
138 176
138 185
138 188
138 189
138 192
138 194
138 200
138 210
138 211
138 214
138 216
138 223
138 224
138 226
138 229
138 230
138 238
138 244
138 250
138 252
138 253
139 140
139 142
139 146
139 149
139 151
139 156
139 160
139 163
139 167
139 170
139 174
139 175
139 179
139 182
139 185
139 186
139 188
139 195
139 197
139 200
139 206
139 208
139 210
139 211
139 213
139 214
139 215
139 217
139 220
139 224
139 225
139 228
139 234
139 236
139 237
139 239
139 240
139 243
139 244
139 249
140 144
140 146
140 147
140 153
140 158
140 160
140 161
140 163
140 164
140 170
140 172
140 177
140 182
140 185
140 187
140 190
140 191
140 193
140 196
140 197
140 200
140 205
140 206
140 214
140 215
140 217
140 218
140 219
140 221
140 223
140 225
140 230
140 235
140 237
140 239
140 240
140 241
141 144
141 145
141 147
141 150
141 157
141 165
141 166
141 167
141 170
141 175
141 177
141 178
141 184
141 187
141 188
141 190
141 195
141 203
141 209
141 213
141 215
141 219
141 220
141 224
141 228
141 231
141 233
141 234
141 236
141 241
141 244
141 246
141 250
141 253
141 254
142 145
142 148
142 150
142 155
142 159
142 160
142 163
142 171
142 173
142 175
142 178
142 180
142 190
142 191
142 193
142 196
142 197
142 198
142 203
142 214
142 219
142 220
142 221
142 223
142 224
142 226
142 230
142 238
142 243
142 245
142 251
142 252
143 145
143 147
143 154
143 156
143 158
143 159
143 163
143 166
143 169
143 171
143 175
143 182
143 190
143 193
143 194
143 202
143 206
143 220
143 222
143 225
143 227
143 232
143 237
143 238
143 239
143 244
143 245
143 246
144 156
144 160
144 165
144 166
144 167
144 173
144 174
144 176
144 177
144 178
144 180
144 182
144 184
144 186
144 188
144 191
144 192
144 195
144 206
144 208
144 213
144 218
144 219
144 222
144 226
144 227
144 232
144 233
144 236
144 239
144 244
144 252
144 253
144 255
145 148
145 153
145 155
145 158
145 159
145 161
145 162
145 163
145 164
145 178
145 181
145 186
145 188
145 189
145 191
145 192
145 193
145 194
145 197
145 201
145 203
145 204
145 210
145 212
145 214
145 215
145 221
145 223
145 225
145 227
145 234
145 238
145 246
145 250
145 253
145 255
146 147
146 155
146 156
146 157
146 162
146 167
146 173
146 176
146 183
146 185
146 189
146 194
146 195
146 196
146 197
146 205
146 207
146 209
146 210
146 211
146 217
146 220
146 224
146 228
146 232
146 234
146 237
146 248
146 251
146 252
147 148
147 149
147 152
147 153
147 154
147 158
147 161
147 169
147 173
147 178
147 179
147 187
147 188
147 197
147 198
147 200
147 201
147 202
147 206
147 207
147 212
147 214
147 221
147 223
147 226
147 228
147 233
147 235
147 236
147 240
147 242
147 253
148 150
148 151
148 153
148 155
148 157
148 158
148 160
148 163
148 166
148 173
148 178
148 181
148 189
148 191
148 199
148 201
148 203
148 207
148 209
148 214
148 218
148 223
148 226
148 231
148 234
148 235
148 238
148 241
148 242
148 244
148 249
148 250
148 252
149 152
149 153
149 158
149 160
149 163
149 164
149 166
149 172
149 175
149 180
149 185
149 187
149 189
149 193
149 194
149 199
149 201
149 206
149 207
149 215
149 221
149 226
149 233
149 241
149 243
149 246
149 251
149 252
149 253
150 151
150 155
150 156
150 161
150 162
150 169
150 170
150 174
150 177
150 180
150 181
150 182
150 191
150 192
150 193
150 194
150 196
150 201
150 202
150 203
150 214
150 215
150 218
150 223
150 224
150 227
150 230
150 232
150 238
150 239
150 246
150 252
150 254
151 152
151 153
151 154
151 156
151 157
151 158
151 160
151 161
151 166
151 168
151 173
151 175
151 176
151 179
151 183
151 187
151 188
151 189
151 191
151 195
151 196
151 205
151 206
151 207
151 213
151 221
151 222
151 224
151 225
151 227
151 229
151 235
151 239
151 242
151 248
151 249
151 251
151 254
151 255
152 153
152 157
152 160
152 162
152 164
152 167
152 169
152 171
152 172
152 174
152 177
152 178
152 179
152 180
152 182
152 185
152 186
152 191
152 192
152 197
152 199
152 205
152 206
152 212
152 216
152 217
152 220
152 224
152 228
152 231
152 233
152 234
152 237
152 241
152 244
152 245
152 252
152 254
153 155
153 156
153 157
153 160
153 180
153 185
153 191
153 198
153 204
153 210
153 212
153 213
153 217
153 218
153 225
153 226
153 231
153 232
153 235
153 238
153 239
153 251
154 156
154 158
154 167
154 172
154 178
154 179
154 182
154 184
154 198
154 202
154 204
154 205
154 210
154 212
154 221
154 227
154 228
154 233
154 236
154 244
154 246
154 250
154 255
155 157
155 159
155 162
155 164
155 170
155 172
155 174
155 177
155 189
155 191
155 194
155 200
155 201
155 202
155 208
155 209
155 210
155 223
155 226
155 228
155 230
155 235
155 237
155 244
155 246
155 247
155 252
155 253
156 159
156 161
156 162
156 163
156 170
156 171
156 173
156 181
156 183
156 188
156 193
156 194
156 201
156 204
156 208
156 214
156 215
156 216
156 217
156 219
156 220
156 221
156 222
156 225
156 228
156 230
156 231
156 233
156 242
156 246
156 247
156 248
156 250
157 158
157 160
157 166
157 169
157 170
157 177
157 189
157 192
157 193
157 194
157 195
157 196
157 203
157 204
157 210
157 211
157 216
157 218
157 222
157 223
157 227
157 228
157 233
157 236
157 238
157 239
157 248
157 251
157 252
158 159
158 160
158 161
158 167
158 171
158 172
158 173
158 176
158 177
158 185
158 187
158 190
158 196
158 197
158 202
158 206
158 207
158 212
158 213
158 223
158 224
158 225
158 226
158 230
158 231
158 232
158 233
158 234
158 238
158 242
158 253
158 254
158 255
159 167
159 170
159 171
159 172
159 175
159 176
159 177
159 181
159 182
159 184
159 186
159 188
159 189
159 193
159 197
159 198
159 199
159 200
159 203
159 209
159 212
159 214
159 216
159 225
159 227
159 230
159 232
159 238
159 244
159 250
159 251
159 252
159 253
159 254
160 161
160 176
160 178
160 179
160 180
160 181
160 182
160 186
160 192
160 193
160 195
160 197
160 198
160 200
160 201
160 205
160 206
160 210
160 211
160 212
160 216
160 221
160 224
160 229
160 230
160 231
160 234
160 242
160 244
160 245
160 247
160 250
160 253
160 254
161 162
161 163
161 166
161 167
161 168
161 171
161 174
161 175
161 176
161 185
161 186
161 192
161 194
161 199
161 205
161 209
161 212
161 214
161 222
161 223
161 225
161 226
161 229
161 235
161 236
161 237
161 239
161 240
161 241
161 242
161 246
161 247
161 248
161 251
162 166
162 167
162 169
162 174
162 176
162 177
162 179
162 181
162 183
162 185
162 188
162 189
162 198
162 200
162 202
162 209
162 214
162 220
162 221
162 223
162 226
162 230
162 232
162 236
162 240
162 242
162 243
162 245
162 246
162 247
162 250
162 251
162 252
163 165
163 168
163 170
163 173
163 174
163 175
163 176
163 177
163 180
163 181
163 182
163 184
163 186
163 188
163 193
163 196
163 198
163 200
163 201
163 202
163 204
163 205
163 213
163 216
163 218
163 221
163 227
163 228
163 230
163 233
163 234
163 235
163 239
163 249
163 253
164 166
164 168
164 172
164 173
164 176
164 178
164 179
164 181
164 182
164 183
164 191
164 203
164 206
164 212
164 213
164 214
164 218
164 222
164 223
164 225
164 227
164 228
164 232
164 233
164 236
164 239
164 240
164 242
164 254
165 168
165 169
165 170
165 171
165 172
165 181
165 186
165 187
165 188
165 189
165 190
165 191
165 193
165 196
165 201
165 206
165 207
165 208
165 212
165 214
165 217
165 226
165 227
165 229
165 232
165 233
165 236
165 237
165 240
165 241
165 244
166 170
166 172
166 187
166 188
166 190
166 193
166 196
166 198
166 206
166 208
166 212
166 213
166 214
166 220
166 224
166 226
166 227
166 230
166 232
166 240
166 242
166 245
166 248
166 252
166 253
166 254
166 255
167 169
167 171
167 175
167 176
167 184
167 187
167 188
167 190
167 193
167 200
167 203
167 209
167 211
167 215
167 220
167 227
167 230
167 231
167 232
167 234
167 236
167 238
167 240
167 242
167 251
167 253
167 255
168 173
168 175
168 183
168 187
168 188
168 189
168 190
168 191
168 194
168 199
168 209
168 210
168 213
168 218
168 223
168 228
168 229
168 230
168 243
168 246
168 249
168 254
168 255
169 172
169 174
169 176
169 180
169 192
169 194
169 197
169 199
169 200
169 201
169 203
169 208
169 209
169 211
169 217
169 226
169 233
169 236
169 238
169 239
169 245
169 247
169 248
169 251
170 173
170 174
170 181
170 184
170 185
170 187
170 195
170 198
170 202
170 204
170 207
170 209
170 210
170 211
170 213
170 216
170 218
170 221
170 224
170 225
170 227
170 229
170 233
170 234
170 236
170 239
170 240
170 244
170 248
170 250
170 253
170 255
171 174
171 175
171 176
171 178
171 179
171 185
171 186
171 188
171 190
171 191
171 193
171 194
171 206
171 209
171 211
171 215
171 220
171 221
171 222
171 225
171 230
171 236
171 239
171 241
171 247
171 252
172 176
172 179
172 184
172 189
172 190
172 192
172 193
172 196
172 198
172 201
172 205
172 208
172 217
172 221
172 223
172 225
172 230
172 233
172 237
172 239
172 241
172 247
172 252
172 254
172 255
173 175
173 182
173 183
173 185
173 190
173 195
173 197
173 198
173 204
173 211
173 213
173 216
173 225
173 226
173 234
173 236
173 237
173 240
173 243
173 245
173 250
173 255
174 175
174 177
174 179
174 182
174 184
174 186
174 191
174 194
174 196
174 201
174 205
174 207
174 208
174 215
174 216
174 218
174 223
174 227
174 231
174 237
174 248
174 249
174 251
174 252
175 177
175 182
175 191
175 197
175 198
175 202
175 203
175 204
175 212
175 213
175 214
175 219
175 221
175 222
175 226
175 228
175 230
175 231
175 232
175 234
175 239
175 245
175 246
175 248
175 252
176 179
176 180
176 184
176 185
176 186
176 187
176 190
176 191
176 192
176 194
176 195
176 200
176 204
176 206
176 207
176 217
176 220
176 221
176 226
176 227
176 230
176 231
176 232
176 235
176 238
176 245
176 248
176 251
176 253
177 180
177 185
177 208
177 210
177 212
177 216
177 223
177 237
177 238
177 243
177 244
177 255
178 179
178 180
178 182
178 183
178 184
178 186
178 192
178 194
178 198
178 202
178 207
178 208
178 213
178 218
178 220
178 221
178 227
178 243
178 250
178 253
179 183
179 186
179 188
179 192
179 196
179 197
179 200
179 203
179 208
179 209
179 210
179 212
179 214
179 217
179 218
179 224
179 226
179 228
179 233
179 234
179 236
179 237
179 238
179 240
179 245
179 250
179 252
179 254
180 187
180 195
180 196
180 201
180 202
180 212
180 218
180 221
180 225
180 231
180 233
180 234
180 236
180 237
180 238
180 240
180 245
180 250
180 254
181 182
181 186
181 190
181 193
181 196
181 197
181 198
181 203
181 204
181 206
181 207
181 208
181 212
181 216
181 220
181 221
181 227
181 230
181 233
181 238
181 239
181 241
181 243
181 250
181 253
181 255
182 184
182 186
182 188
182 190
182 194
182 195
182 197
182 198
182 199
182 202
182 208
182 209
182 210
182 214
182 219
182 221
182 223
182 224
182 227
182 233
182 240
182 246
182 250
182 251
182 253
183 184
183 191
183 197
183 206
183 212
183 214
183 215
183 216
183 219
183 220
183 222
183 224
183 227
183 231
183 234
183 236
183 240
183 241
183 242
183 243
183 251
183 252
183 253
183 255
184 187
184 190
184 195
184 197
184 203
184 207
184 210
184 211
184 214
184 217
184 221
184 222
184 225
184 226
184 227
184 228
184 234
184 239
184 243
184 244
184 245
184 246
184 248
184 251
185 186
185 188
185 193
185 201
185 203
185 204
185 211
185 214
185 218
185 220
185 227
185 229
185 231
185 242
185 243
185 246
185 248
185 249
185 252
185 254
186 189
186 194
186 197
186 203
186 204
186 209
186 210
186 215
186 220
186 222
186 224
186 225
186 226
186 227
186 235
186 243
186 246
186 248
186 251
187 188
187 189
187 206
187 220
187 226
187 228
187 229
187 230
187 235
187 237
187 241
187 244
187 246
187 247
187 251
187 252
188 191
188 195
188 197
188 206
188 210
188 211
188 215
188 221
188 222
188 227
188 229
188 230
188 232
188 238
188 243
188 246
188 249
188 252
189 192
189 193
189 196
189 197
189 198
189 199
189 200
189 206
189 208
189 210
189 212
189 219
189 224
189 227
189 228
189 229
189 231
189 233
189 236
189 242
189 245
189 247
189 248
189 254
190 191
190 193
190 194
190 196
190 199
190 204
190 206
190 211
190 213
190 214
190 219
190 221
190 225
190 230
190 236
190 242
190 243
190 244
190 247
190 248
191 192
191 195
191 197
191 200
191 202
191 203
191 206
191 209
191 210
191 214
191 216
191 221
191 223
191 224
191 227
191 234
191 235
191 236
191 242
191 243
191 254
192 196
192 213
192 216
192 220
192 221
192 229
192 234
192 235
192 237
192 240
192 241
192 243
192 244
192 246
192 249
192 252
192 253
193 196
193 202
193 203
193 206
193 207
193 208
193 210
193 211
193 212
193 213
193 224
193 229
193 233
193 234
193 236
193 237
193 240
193 242
193 248
193 249
193 253
194 195
194 196
194 199
194 200
194 201
194 203
194 206
194 207
194 208
194 209
194 213
194 215
194 217
194 220
194 224
194 226
194 228
194 230
194 231
194 232
194 235
194 243
194 247
194 250
194 252
194 255
195 203
195 209
195 211
195 218
195 224
195 228
195 236
195 238
195 242
195 244
195 252
195 254
196 201
196 202
196 203
196 205
196 206
196 207
196 215
196 219
196 221
196 223
196 225
196 228
196 234
196 243
196 249
196 250
196 253
196 254
196 255
197 205
197 207
197 212
197 214
197 220
197 226
197 232
197 236
197 237
197 239
197 247
197 251
197 252
197 253
198 200
198 201
198 205
198 211
198 213
198 215
198 218
198 220
198 221
198 237
198 239
198 247
198 249
199 200
199 201
199 203
199 206
199 207
199 209
199 210
199 212
199 213
199 218
199 221
199 230
199 231
199 237
199 244
199 251
199 252
199 254
200 202
200 205
200 209
200 215
200 216
200 217
200 219
200 225
200 229
200 233
200 236
200 238
200 239
200 240
200 241
200 243
200 244
200 247
200 251
201 203
201 206
201 208
201 212
201 215
201 216
201 220
201 232
201 233
201 234
201 235
201 238
201 241
201 242
201 243
201 245
201 248
201 250
201 251
201 253
202 206
202 209
202 210
202 212
202 213
202 215
202 219
202 220
202 223
202 224
202 227
202 228
202 230
202 237
202 239
202 242
202 244
202 246
202 252
203 204
203 214
203 218
203 224
203 225
203 232
203 235
203 237
203 240
203 246
203 250
203 255
204 205
204 209
204 210
204 213
204 215
204 219
204 223
204 226
204 227
204 231
204 232
204 233
204 241
204 242
204 245
204 247
204 248
204 254
205 208
205 211
205 215
205 217
205 224
205 235
205 243
205 251
205 252
205 253
206 219
206 221
206 222
206 225
206 226
206 227
206 228
206 235
206 237
206 241
206 245
206 246
206 248
206 249
206 251
207 209
207 210
207 211
207 214
207 217
207 219
207 221
207 225
207 226
207 228
207 230
207 231
207 232
207 233
207 234
207 237
207 242
207 247
207 249
208 210
208 211
208 212
208 214
208 217
208 224
208 225
208 231
208 232
208 233
208 234
208 237
208 242
208 243
208 252
209 210
209 211
209 214
209 215
209 220
209 223
209 225
209 226
209 229
209 242
209 246
209 247
209 249
209 250
209 252
209 253
209 255
210 213
210 219
210 223
210 229
210 231
210 235
210 238
210 241
210 246
210 248
211 212
211 214
211 216
211 220
211 223
211 225
211 233
211 241
211 243
211 245
211 248
211 251
211 253
212 213
212 216
212 218
212 219
212 223
212 224
212 228
212 234
212 235
212 237
212 242
212 245
212 249
212 250
212 254
212 255
213 216
213 217
213 223
213 232
213 236
213 237
213 239
213 242
213 243
213 245
213 249
213 250
214 217
214 220
214 223
214 231
214 233
214 238
214 245
214 247
214 251
215 216
215 218
215 222
215 225
215 226
215 230
215 249
215 251
216 217
216 222
216 226
216 228
216 234
216 246
216 249
216 251
216 253
217 218
217 219
217 226
217 231
217 232
217 233
217 236
217 238
217 239
217 246
217 247
217 251
218 222
218 226
218 227
218 228
218 232
218 234
218 240
218 242
218 244
218 247
218 248
218 249
218 252
218 253
218 255
219 232
219 233
219 235
219 239
219 249
219 252
219 254
220 229
220 233
220 237
220 238
220 240
220 242
220 244
220 246
220 247
220 248
220 249
220 253
220 254
220 255
221 224
221 228
221 232
221 234
221 235
221 238
221 239
221 241
221 243
221 244
221 247
221 252
221 254
222 225
222 226
222 229
222 231
222 234
222 242
222 245
222 249
222 251
223 227
223 229
223 237
223 239
223 242
223 245
223 247
223 252
223 254
224 233
224 234
224 236
224 241
224 247
224 253
225 233
225 234
225 239
225 241
225 248
225 249
225 255
226 230
226 234
226 237
226 239
226 240
226 241
226 242
226 243
226 247
226 248
226 250
226 252
227 228
227 239
227 241
227 243
227 244
227 245
227 249
227 250
228 232
228 233
228 240
228 241
228 242
228 249
228 253
229 232
229 233
229 236
229 238
229 240
229 245
229 248
229 252
229 254
230 231
230 232
230 233
230 241
230 246
230 249
230 251
230 254
230 255
231 234
231 235
231 236
231 238
231 243
231 244
231 248
231 255
232 237
232 239
232 240
232 247
232 249
232 252
232 255
233 235
233 238
233 242
233 243
233 244
233 247
233 250
233 251
233 252
233 253
233 254
234 237
234 238
234 241
234 242
234 243
234 245
234 248
234 250
234 252
234 253
234 255
235 244
235 245
235 248
235 249
235 250
235 253
235 254
235 255
236 237
236 239
236 240
236 244
236 245
236 246
236 248
236 251
236 252
236 255
237 239
237 250
237 255
238 250
239 241
239 243
239 245
239 247
239 248
239 249
240 242
240 243
240 244
240 248
240 252
241 243
241 245
241 247
241 251
242 252
243 246
243 251
243 254
243 255
244 245
244 248
244 249
244 252
245 249
245 250
245 251
245 252
245 255
246 249
246 255
247 248
247 252
247 253
247 254
248 249
248 252
249 250
249 254
250 251
250 255
253 254
254 255
