1023
0 12
0 130
0 495
0 502
0 508
0 647
0 658
0 666
0 887
0 970
1 32
1 336
1 439
1 603
1 930
2 306
2 691
3 178
3 441
3 478
3 692
4 13
4 75
4 394
5 366
5 465
5 504
5 574
5 681
5 802
5 997
6 13
6 885
7 297
7 491
7 612
8 18
8 81
8 264
8 419
8 445
8 571
8 842
8 1016
9 96
9 741
9 876
9 894
10 197
10 282
10 333
10 361
10 474
10 937
11 226
11 474
11 580
11 628
11 644
11 871
12 422
12 688
12 874
12 930
13 296
13 417
13 1003
13 1017
14 261
14 373
14 432
14 900
14 924
15 59
15 375
15 524
15 1003
16 120
16 331
16 725
16 841
16 989
17 111
17 132
17 491
18 600
18 707
18 747
18 830
19 147
19 710
19 813
19 874
20 496
21 655
21 826
21 957
22 301
22 677
23 81
23 128
23 356
23 452
23 506
23 633
23 935
23 946
23 954
24 260
24 312
24 564
24 780
24 823
25 91
25 93
25 330
25 460
25 556
25 625
25 627
25 713
25 832
26 129
26 493
26 968
27 124
27 213
27 385
27 585
27 821
28 186
28 237
28 260
28 400
28 691
28 877
29 698
29 876
30 413
30 545
30 678
30 827
31 283
31 454
31 757
32 112
32 180
32 325
33 84
33 86
33 596
34 158
34 286
34 441
34 635
34 640
34 777
35 747
36 147
36 368
36 585
36 703
36 719
36 741
36 967
37 97
37 583
38 119
38 511
38 599
38 961
39 112
39 368
39 567
39 999
40 42
40 105
40 298
40 498
41 144
41 220
41 317
41 347
41 456
41 731
41 774
42 390
42 561
42 689
42 705
42 747
42 890
43 268
43 346
43 541
43 562
43 626
43 781
43 966
44 108
44 534
45 60
45 169
45 946
46 90
46 251
46 514
46 721
47 867
47 868
48 193
48 753
48 860
49 284
49 367
50 246
50 473
50 592
51 639
51 943
52 226
52 553
52 613
52 753
52 954
53 598
54 153
54 491
54 581
54 823
54 986
54 1003
55 200
56 533
57 92
57 747
57 755
57 842
57 853
57 962
58 471
58 513
58 610
58 877
59 308
59 413
59 429
59 628
59 991
60 209
60 484
61 137
61 258
62 205
62 315
62 558
62 573
62 704
62 725
62 802
62 811
62 823
63 143
63 158
63 340
63 677
63 776
63 833
64 136
64 328
64 907
65 621
65 875
65 984
66 108
66 211
66 656
66 804
67 599
68 588
68 847
69 274
69 617
69 935
69 970
70 426
70 502
70 512
70 898
71 265
71 974
72 133
72 257
72 491
72 878
72 904
73 352
73 414
74 107
74 456
74 815
75 103
75 105
75 304
75 348
75 934
77 96
77 199
77 279
77 489
78 737
78 748
79 168
79 423
79 771
79 803
79 819
79 854
80 192
80 219
81 855
82 84
82 169
82 670
83 196
83 687
83 759
84 98
84 207
84 401
85 473
85 782
85 799
85 812
86 160
86 429
86 755
86 977
87 204
87 271
87 281
87 338
87 430
87 512
87 699
87 876
87 976
88 162
88 307
89 217
89 751
90 188
90 367
90 574
90 692
91 209
91 472
91 525
92 207
92 439
92 667
93 205
93 326
93 732
94 921
95 269
95 821
96 201
96 331
96 735
96 812
96 836
96 943
97 532
98 466
98 521
98 556
98 681
98 812
99 226
99 231
100 345
100 353
101 138
101 158
101 608
101 838
102 105
103 968
103 986
104 199
104 656
104 903
106 673
106 703
106 846
107 397
107 481
107 613
107 649
108 377
108 398
108 472
108 477
108 486
108 622
109 181
109 285
109 784
109 836
109 1015
110 879
111 168
111 524
111 530
112 359
112 824
112 892
113 208
114 307
114 435
114 577
114 980
115 236
115 491
115 676
115 690
116 673
116 812
117 147
117 410
117 851
117 926
118 373
118 462
118 541
118 888
119 454
119 506
119 796
119 1018
120 402
120 405
120 465
120 574
121 328
121 557
121 753
121 959
122 212
122 304
122 315
122 530
122 791
122 826
122 896
123 855
124 359
124 637
124 841
125 129
125 503
125 879
126 183
126 273
126 548
126 847
127 153
127 257
127 515
127 590
127 700
127 791
128 393
129 174
129 217
129 989
130 334
130 436
130 457
130 659
130 907
130 955
131 158
131 427
131 760
131 841
132 547
132 664
132 676
132 820
132 821
132 1020
133 371
133 598
133 682
133 773
133 858
133 883
133 937
133 987
133 1020
134 148
134 401
135 675
135 692
135 956
136 289
137 194
137 615
137 654
137 966
138 583
138 638
138 732
138 834
139 264
139 615
139 826
139 904
139 1005
140 727
140 761
140 929
140 956
141 232
141 402
141 529
141 554
141 690
141 990
142 394
142 585
142 885
143 322
144 270
144 523
144 720
144 978
145 575
146 186
146 229
146 566
147 185
149 200
150 454
150 506
150 611
150 872
151 356
152 160
152 163
152 266
152 362
152 512
152 567
152 574
152 662
152 704
152 723
153 325
153 480
154 333
154 519
154 694
155 377
155 435
155 684
155 1003
156 726
156 820
156 908
157 653
157 781
158 313
158 341
158 490
158 702
158 862
159 418
159 515
159 565
160 202
160 402
160 449
160 474
160 1013
161 283
161 552
161 578
161 994
162 192
162 437
162 589
162 607
162 614
163 185
163 372
163 525
164 618
164 812
164 888
165 243
165 480
165 514
166 803
166 871
166 948
167 464
167 505
167 856
168 867
168 937
169 229
169 390
169 564
169 726
169 897
170 331
170 426
170 474
171 211
171 386
171 597
171 645
172 310
172 471
172 487
172 998
173 275
173 310
173 411
173 442
173 451
173 479
173 538
174 400
176 482
176 629
177 365
178 259
178 367
178 422
178 873
179 329
179 470
179 936
180 279
180 509
180 616
180 807
180 827
180 860
180 886
181 452
181 777
182 233
182 239
182 459
182 488
182 744
182 888
183 658
183 767
183 811
184 247
184 525
184 661
184 930
185 240
185 328
185 441
185 801
186 445
187 270
187 423
187 859
187 964
188 213
188 474
188 656
188 689
188 836
188 1020
189 505
190 428
190 824
190 945
191 441
191 540
191 1014
192 207
193 274
193 328
193 618
193 658
194 220
194 239
194 461
194 503
194 675
195 403
195 406
195 725
195 795
195 964
196 306
196 364
196 888
197 438
197 948
198 254
198 956
199 441
199 455
199 772
199 903
200 643
200 713
201 376
201 596
201 799
202 622
202 867
203 371
203 670
203 736
203 787
204 499
205 251
206 933
207 447
208 351
208 435
208 520
208 810
208 941
208 1005
209 216
209 494
209 545
210 658
211 218
211 417
211 890
212 228
212 235
212 384
213 667
213 697
213 1005
214 369
214 372
214 409
214 570
214 794
215 403
215 446
216 782
217 380
217 554
217 680
218 266
218 956
218 989
219 642
219 683
219 830
220 494
220 773
220 781
221 318
221 661
221 960
222 350
222 446
223 683
223 929
223 1011
224 268
224 392
224 498
224 663
224 809
225 315
225 753
225 870
226 366
226 725
226 817
227 372
227 902
227 972
228 424
228 476
229 830
229 878
230 285
230 377
230 929
231 352
232 571
232 699
233 639
233 692
233 736
234 468
234 766
235 673
235 822
236 1004
237 623
238 811
238 923
239 338
239 407
239 637
239 695
239 882
240 422
240 427
240 1003
241 242
241 546
241 548
241 791
242 286
242 383
242 406
242 543
242 836
242 883
243 287
243 730
245 527
245 604
245 868
245 885
246 401
246 616
246 740
247 657
247 760
247 794
248 420
248 524
248 549
249 309
249 802
249 870
250 301
250 389
250 710
250 999
251 292
251 561
251 615
251 679
251 836
251 1010
251 1011
252 264
252 646
252 931
253 478
253 504
253 649
253 673
254 367
254 443
254 450
254 885
255 324
255 621
255 676
256 380
256 632
256 734
256 907
256 972
257 308
257 494
257 710
257 940
258 497
258 829
259 266
259 432
260 667
260 812
261 773
261 801
261 804
261 871
262 264
262 846
263 568
263 927
264 834
265 274
265 303
265 343
265 361
265 550
265 675
265 748
265 956
266 999
267 368
267 513
268 462
268 623
268 702
268 719
268 821
268 898
268 966
269 663
269 712
269 876
270 706
271 652
271 926
272 441
272 484
272 500
272 574
272 827
272 847
273 514
273 521
273 645
273 805
274 523
274 547
275 330
275 703
275 1014
276 436
277 610
278 723
278 748
278 809
279 471
279 478
279 496
279 527
279 730
280 420
280 597
280 623
280 905
282 285
284 474
284 822
284 921
284 1019
285 877
286 319
286 389
287 477
287 705
288 886
288 913
288 1021
289 524
289 699
289 760
289 934
290 661
290 678
290 692
291 683
291 706
291 722
291 878
292 318
292 626
292 893
293 392
293 449
293 564
293 586
295 310
296 491
296 703
296 707
296 1021
297 503
297 841
298 481
298 524
298 560
298 639
298 712
299 361
299 404
299 788
300 662
300 831
300 890
302 365
302 405
302 442
302 550
302 977
303 562
303 627
304 450
304 987
305 344
305 379
305 563
305 776
307 631
307 973
307 1003
308 778
309 612
310 374
311 350
311 457
311 635
311 703
311 843
311 855
311 884
311 895
311 956
312 427
313 350
313 783
313 964
314 924
317 421
317 422
317 584
317 702
317 996
318 865
318 885
318 1018
319 488
319 534
320 382
320 512
320 714
320 798
321 334
321 873
322 645
322 663
323 381
323 531
323 536
323 936
323 1004
325 410
325 790
325 841
326 360
326 592
326 992
327 380
327 509
327 936
328 482
328 697
328 732
328 988
329 514
329 751
329 757
330 805
330 960
331 697
332 853
333 393
333 614
334 591
335 514
336 438
336 943
336 1000
337 462
337 610
337 732
337 907
338 750
338 811
338 968
339 875
340 615
340 709
340 726
340 847
341 359
341 640
342 707
343 426
343 544
343 679
343 785
343 954
343 982
343 1002
344 874
344 996
345 417
345 985
346 542
346 552
346 686
347 581
347 888
347 942
349 674
349 688
350 482
350 571
352 517
352 722
353 674
353 874
354 512
354 743
354 788
355 383
356 842
357 501
357 789
357 806
358 950
359 385
359 530
359 802
359 822
360 465
361 386
361 1007
362 366
362 546
362 720
363 436
363 503
363 1021
364 702
365 581
366 574
366 601
367 461
367 567
367 717
369 377
369 854
369 924
369 982
369 1019
370 423
370 610
370 703
370 751
370 873
370 953
371 601
371 627
371 763
372 383
372 423
372 510
372 910
373 727
374 558
374 603
374 609
374 688
374 864
374 1007
375 789
375 803
376 557
376 687
376 717
376 815
377 404
377 643
377 768
378 435
378 618
378 1003
379 421
379 424
379 540
379 596
379 636
380 502
381 750
381 963
382 481
383 546
383 968
384 588
384 961
384 998
385 538
385 963
387 586
388 437
389 593
389 719
389 737
391 1022
392 412
393 654
394 504
394 747
394 838
394 943
394 982
396 770
397 450
398 502
398 615
398 648
398 731
398 734
399 446
399 848
400 494
400 608
400 662
401 525
401 631
401 677
401 731
401 842
402 462
402 606
402 633
403 821
404 520
406 809
407 979
408 716
408 896
408 908
409 728
410 533
410 559
410 705
410 932
410 987
411 716
412 661
412 827
413 423
413 900
413 916
414 622
414 632
414 677
414 686
414 976
415 914
416 722
416 877
417 428
417 997
419 684
419 941
420 606
420 679
420 729
421 425
421 595
422 484
422 587
422 632
422 763
423 851
424 774
424 874
425 575
426 898
427 464
427 579
427 826
427 898
427 901
428 802
428 834
429 477
429 493
429 829
429 996
431 538
431 581
431 619
431 620
431 999
432 712
433 568
433 723
434 438
434 542
435 995
436 604
436 664
436 689
436 877
436 899
436 925
437 492
437 780
438 495
438 527
438 628
438 683
438 853
438 960
439 666
440 690
440 896
440 1008
441 497
441 498
441 536
441 550
441 842
442 526
442 533
442 638
442 893
443 505
443 598
443 678
444 521
444 623
444 834
444 916
445 664
446 797
446 929
447 822
447 838
448 473
450 908
450 957
451 721
451 739
451 934
452 656
452 729
452 754
452 850
453 869
454 492
455 744
456 458
456 657
456 793
456 832
457 476
457 768
457 933
459 527
459 576
459 688
459 723
460 756
461 960
462 851
463 683
463 689
463 866
464 488
464 702
464 951
464 987
466 647
466 809
466 833
467 899
467 918
468 562
469 740
469 937
470 972
470 1015
471 787
472 808
473 499
473 607
473 773
475 544
475 738
476 537
476 631
477 699
477 874
477 955
477 981
477 985
478 515
478 790
478 835
478 927
479 602
479 612
480 556
480 758
480 932
481 641
481 760
482 519
482 566
482 671
482 905
482 952
483 695
484 914
485 518
486 608
486 874
487 919
488 758
488 806
488 882
488 905
488 950
489 729
490 570
490 949
491 839
491 840
492 623
492 692
492 720
495 531
496 537
496 607
497 737
498 676
498 911
499 1003
500 587
500 729
501 635
502 705
503 704
503 870
504 526
504 918
504 926
505 612
505 965
506 579
506 906
507 971
508 876
510 513
510 1008
511 674
511 901
512 789
512 842
513 549
513 828
514 605
515 855
515 879
515 925
517 550
517 618
517 722
517 787
517 790
517 841
517 972
518 553
518 649
518 802
519 863
519 959
520 984
522 738
522 779
522 836
522 886
524 1015
525 863
525 897
526 892
526 903
527 668
527 899
528 548
528 587
528 636
529 676
529 886
530 632
530 707
530 976
531 790
531 818
532 830
532 887
533 841
534 771
534 826
534 852
535 615
535 668
535 828
536 564
536 888
536 893
537 751
537 756
538 659
538 698
539 795
539 1009
540 620
540 757
540 905
542 604
542 692
542 1017
542 1018
543 918
543 1003
544 577
544 692
544 892
544 1006
545 892
545 987
546 867
547 765
547 796
547 858
548 628
550 658
550 710
550 853
550 921
551 836
554 734
555 969
555 986
556 762
556 806
556 990
557 708
558 573
558 714
558 910
559 793
559 988
561 839
561 846
562 732
563 675
564 594
565 983
565 992
566 638
566 673
566 816
566 877
566 909
567 807
567 888
567 1011
568 794
569 665
569 977
570 761
570 775
570 849
570 1022
571 591
571 792
571 862
571 938
571 969
572 667
572 957
573 787
575 687
575 874
576 908
577 651
577 889
578 853
578 901
583 654
585 689
586 593
586 601
586 627
587 647
587 948
588 979
589 914
590 932
590 995
591 713
592 695
593 686
593 799
593 872
594 686
594 827
594 905
595 822
596 686
596 812
596 833
597 653
597 938
598 660
598 738
598 944
599 892
600 620
600 665
601 616
601 750
601 820
601 902
604 657
604 941
606 989
607 840
607 902
608 670
608 975
608 1021
609 908
609 970
610 839
610 879
610 915
612 756
615 664
615 801
615 961
616 730
617 940
618 734
619 680
620 695
620 941
621 740
622 927
623 772
623 881
623 983
624 814
624 879
624 970
624 1019
625 851
625 863
625 912
627 674
627 696
628 676
628 689
628 921
629 824
629 899
629 1009
630 680
630 852
631 958
631 999
632 640
633 648
633 1017
634 975
636 765
636 807
637 641
638 819
638 991
639 820
639 1006
640 719
640 799
640 922
641 864
641 925
642 778
642 795
642 883
643 1003
647 788
647 928
649 749
649 865
649 916
649 967
650 742
650 781
652 996
653 774
653 839
653 1020
656 785
656 951
656 987
657 781
658 950
659 785
659 822
660 713
661 869
661 928
661 1012
662 770
662 804
663 792
664 969
665 700
665 738
665 913
666 961
667 754
667 818
668 772
669 771
670 715
670 887
670 917
671 673
672 784
672 869
672 937
673 799
675 981
676 1018
678 748
678 843
678 972
679 842
681 752
681 784
681 846
682 968
685 784
685 804
686 783
686 829
687 781
688 1012
689 934
690 722
690 942
691 924
691 1006
692 818
692 873
693 699
695 743
696 752
698 755
698 862
698 875
699 942
699 946
700 865
700 974
702 840
703 973
704 719
704 998
706 810
707 793
707 1011
709 785
709 963
709 989
710 1007
710 1021
711 756
711 833
711 895
712 885
713 888
715 732
715 905
716 795
716 868
716 939
719 778
721 755
721 831
722 953
723 800
723 939
724 820
724 883
726 891
726 958
726 1004
726 1018
728 837
728 971
729 847
729 996
730 829
730 860
731 755
732 761
732 778
733 876
734 988
735 813
735 992
737 847
739 840
740 760
740 917
746 862
748 854
752 817
753 779
753 961
754 759
754 761
754 795
755 819
756 891
757 810
757 971
758 813
758 824
762 901
763 878
763 1001
764 942
766 769
766 834
766 960
766 996
768 903
770 841
771 994
774 783
775 876
776 778
776 985
778 895
778 958
780 793
780 806
780 837
780 942
781 783
781 995
784 832
784 913
785 843
786 854
787 856
790 986
792 965
793 872
794 892
794 919
794 949
796 824
796 958
797 902
797 1001
799 1007
802 912
802 1006
802 1022
803 904
803 1000
804 834
804 1018
807 816
810 872
810 962
811 853
811 867
812 819
813 823
813 948
814 854
814 905
815 928
817 863
817 881
817 887
817 922
817 940
819 972
820 833
820 871
820 964
821 843
822 888
825 880
826 955
829 881
829 997
830 910
830 985
831 902
833 979
834 1013
835 935
837 964
838 900
839 1011
844 849
844 910
846 931
846 953
850 855
851 860
851 905
851 943
856 911
857 902
859 1004
862 872
863 959
867 1013
868 886
869 906
871 979
879 907
880 1003
882 971
883 901
883 976
886 932
888 920
891 938
892 897
892 937
893 901
893 1014
896 919
898 903
899 950
900 961
902 903
902 943
902 991
904 955
905 908
905 949
908 980
909 988
910 996
910 1020
912 928
912 984
915 950
915 976
916 993
917 1007
919 992
920 984
924 1018
926 970
931 978
932 1021
934 1013
942 980
942 1013
944 1014
947 1006
948 1002
948 1005
949 951
950 965
950 974
951 985
953 998
954 990
954 1016
962 967
967 1009
967 1022
980 1018
983 988
985 996
986 1012
990 1001
995 1004
