2000
0 888
0 1787
1 339
1 1471
2 279
2 296
2 771
2 1194
2 1903
3 195
3 578
3 1011
3 1609
3 1758
4 659
4 738
4 809
4 1237
4 1638
5 225
5 243
5 281
5 619
5 867
5 1030
5 1212
6 1477
6 1527
6 1943
7 1667
8 284
8 469
8 835
8 1887
8 1921
9 152
9 869
9 1722
9 1771
10 32
10 309
10 437
10 761
10 1947
11 167
11 262
11 808
11 1244
11 1995
12 262
12 460
12 892
12 1325
12 1510
12 1813
13 452
13 958
13 1172
13 1656
13 1690
14 186
14 664
14 665
14 1037
14 1200
14 1221
14 1254
14 1438
14 1487
14 1761
16 172
16 903
16 1177
17 390
17 594
17 819
17 846
17 865
17 1025
17 1082
18 1618
18 1760
19 403
19 1583
19 1886
20 557
20 587
20 669
20 1898
21 824
21 1193
21 1293
21 1474
21 1662
22 1000
22 1648
22 1994
23 455
23 762
23 798
23 1111
23 1731
24 336
24 1130
24 1445
24 1470
25 872
25 968
25 1115
25 1129
25 1212
25 1528
25 1565
25 1782
26 717
26 838
26 924
27 1003
27 1528
28 55
28 67
28 513
28 699
28 1392
28 1524
28 1571
28 1799
29 385
29 575
29 1175
29 1917
29 1992
30 69
30 825
30 878
30 972
30 1127
30 1279
30 1472
31 434
31 887
31 1308
31 1553
31 1843
32 288
32 310
32 1209
32 1439
33 189
33 372
33 478
33 502
33 1094
33 1794
34 630
34 710
34 1208
34 1696
34 1870
35 1368
35 1513
35 1732
36 128
36 790
36 837
36 1075
36 1166
36 1614
37 66
37 1959
38 172
38 193
38 262
38 409
38 730
38 1661
39 888
40 246
40 1500
40 1742
41 106
41 399
41 693
41 1291
41 1351
41 1363
41 1720
41 1813
41 1929
42 283
42 297
42 392
42 765
42 1431
42 1943
43 1160
43 1347
43 1491
43 1673
44 138
44 170
44 764
44 826
44 1676
44 1770
45 1240
45 1737
46 120
46 172
46 811
46 1126
46 1240
46 1246
46 1688
47 152
47 244
47 1070
47 1147
47 1266
47 1705
47 1850
48 159
48 240
48 430
48 1055
48 1753
49 701
49 817
49 1060
49 1125
49 1338
49 1565
50 59
50 577
50 647
50 881
50 1174
50 1658
51 153
51 470
51 533
51 627
51 1704
52 307
52 787
52 1009
52 1030
52 1103
52 1235
52 1278
52 1642
52 1656
52 1769
52 1928
53 265
53 275
53 851
53 1026
53 1359
53 1488
54 239
54 378
54 523
54 603
54 1042
54 1269
54 1282
54 1530
54 1763
54 1800
54 1892
55 222
55 804
55 1130
55 1517
55 1798
55 1836
56 375
56 756
56 822
56 1113
56 1228
56 1310
56 1909
57 523
57 829
57 1180
57 1469
57 1522
57 1559
57 1698
58 428
58 575
58 611
58 1505
58 1607
58 1662
59 684
59 1170
59 1201
59 1528
59 1543
60 167
60 425
60 1237
60 1733
60 1779
61 86
61 379
61 594
61 614
61 787
62 695
63 524
63 579
63 583
63 767
63 946
63 1376
63 1729
63 1928
64 408
64 1076
64 1561
64 1909
65 303
65 1627
65 1655
66 120
66 464
66 488
66 796
66 1032
66 1897
67 194
67 309
67 831
67 1985
68 134
68 757
68 1174
68 1544
69 694
69 1097
69 1347
69 1906
69 1909
69 1962
70 788
70 872
70 1446
70 1987
71 130
71 1191
72 101
72 817
72 911
72 1182
72 1359
72 1565
72 1799
72 1880
72 1890
73 235
73 691
73 758
73 816
73 908
74 126
74 859
74 1354
74 1468
75 591
75 653
76 305
76 723
76 861
76 1195
76 1400
77 172
77 396
77 1137
77 1620
78 86
78 164
78 587
78 829
78 1466
79 99
79 174
79 461
79 600
79 1159
80 262
80 345
80 459
80 485
80 519
80 1332
81 220
81 565
81 620
81 1028
81 1731
81 1950
82 252
82 710
82 1149
82 1441
82 1587
82 1644
82 1891
82 1966
83 154
83 183
83 364
83 1316
83 1851
84 665
84 1389
84 1485
84 1762
84 1903
85 486
85 748
85 852
85 933
85 1216
85 1641
85 1809
85 1883
85 1931
86 113
86 796
86 947
86 1159
86 1602
87 169
87 246
87 468
87 970
87 1927
88 405
88 507
88 948
88 1094
88 1295
89 460
89 1564
89 1786
90 218
90 220
90 777
90 835
91 332
91 428
91 806
91 1007
92 450
92 590
92 772
93 794
93 836
93 968
93 1399
93 1915
93 1957
94 442
94 976
94 1331
94 1542
94 1644
94 1705
94 1791
94 1855
95 115
95 1247
95 1499
95 1742
96 467
96 563
96 664
96 816
96 1962
97 1326
97 1769
97 1952
97 1981
98 888
98 1065
98 1695
98 1999
99 406
99 450
99 1376
99 1717
99 1859
99 1951
100 780
100 1438
101 1207
101 1215
101 1833
102 1734
102 1806
103 155
103 237
103 284
103 426
103 985
103 1235
103 1588
104 1121
104 1381
104 1471
104 1740
104 1850
105 1124
105 1218
105 1655
105 1771
106 160
106 380
106 574
106 610
106 726
106 885
106 1121
106 1752
106 1984
107 662
107 821
107 1247
107 1513
108 497
108 748
108 792
108 865
108 1868
109 226
109 609
109 1375
109 1410
109 1542
109 1615
110 1315
110 1329
110 1362
110 1755
111 143
111 307
111 623
111 741
111 1159
111 1628
111 1944
112 115
112 1787
113 146
113 266
113 855
113 1349
113 1435
113 1467
113 1511
113 1563
113 1770
113 1818
114 564
114 1380
115 321
115 540
115 1075
115 1380
116 269
116 1069
116 1072
116 1380
116 1992
117 200
117 801
117 938
117 1350
117 1998
118 181
118 425
118 447
118 690
118 731
118 1032
118 1335
118 1598
119 689
119 1146
119 1290
119 1688
120 151
120 381
120 435
120 993
120 1865
120 1919
121 417
121 1505
122 207
122 566
122 852
122 1174
122 1207
122 1563
122 1743
122 1863
123 325
123 337
123 448
123 792
123 999
123 1567
123 1674
123 1698
123 1825
124 523
124 882
124 1201
124 1432
124 1444
124 1768
124 1807
125 393
125 517
125 895
125 1021
125 1164
125 1313
125 1448
126 344
126 445
126 760
127 652
127 972
127 1292
127 1517
127 1719
127 1804
128 648
128 1358
128 1691
128 1904
129 152
129 768
129 955
129 1066
129 1572
130 716
130 1176
130 1416
130 1927
131 361
131 1010
131 1349
131 1674
132 215
132 411
132 972
132 1261
132 1345
132 1751
133 216
133 663
133 949
133 1558
133 1602
133 1671
133 1739
133 1837
134 1102
134 1118
134 1167
134 1350
134 1474
134 1812
135 206
135 782
135 1626
135 1964
136 785
136 1128
136 1279
136 1711
136 1925
136 1996
137 204
137 249
137 468
137 578
137 746
137 803
137 1459
138 530
138 653
138 1248
138 1501
138 1527
138 1587
138 1711
138 1818
138 1827
139 390
139 430
139 636
139 897
139 1583
140 726
140 972
140 983
140 984
140 1919
141 383
141 1119
141 1350
141 1901
142 314
142 463
142 900
142 1298
142 1351
142 1430
142 1470
142 1846
143 177
143 772
143 1176
143 1467
143 1515
143 1737
144 148
144 331
144 383
145 536
145 650
146 391
146 676
146 842
146 1014
146 1172
146 1401
146 1640
147 152
147 238
147 606
147 921
147 1074
148 198
148 1770
149 405
149 511
149 958
149 1149
149 1412
149 1575
150 207
150 1516
151 254
151 441
151 1695
152 650
152 1116
152 1810
153 685
153 1006
153 1417
153 1959
153 1962
154 352
154 361
154 1532
154 1675
154 1831
154 1968
155 288
155 333
155 643
155 837
155 850
155 1008
155 1178
156 628
156 1569
156 1599
157 206
157 532
157 1297
157 1363
157 1835
158 827
158 1003
158 1225
158 1230
158 1620
158 1671
159 166
160 290
160 942
160 1007
160 1668
160 1891
160 1991
161 561
161 931
161 963
161 1360
161 1862
161 1938
162 212
162 622
162 1098
162 1305
162 1326
162 1458
163 304
163 556
163 718
163 1532
163 1809
163 1923
164 189
164 643
164 1569
165 1496
165 1527
165 1963
166 764
166 1717
167 356
167 696
167 745
167 817
167 861
167 1426
168 279
168 559
168 1042
168 1337
168 1704
168 1976
169 226
169 591
169 1887
170 467
170 565
170 859
170 1211
170 1267
171 259
171 695
171 777
171 1093
171 1123
171 1203
172 290
172 1499
172 1547
172 1894
172 1932
173 384
173 817
173 989
173 1804
174 244
174 272
174 397
174 1174
174 1195
175 330
175 1293
175 1645
175 1871
176 321
176 466
176 810
176 890
176 925
176 1400
176 1931
177 665
177 697
177 738
177 841
177 1237
177 1487
177 1513
177 1695
177 1794
178 1058
178 1612
179 192
179 444
179 1628
180 1153
180 1180
180 1335
180 1537
181 366
181 1315
181 1350
181 1863
182 925
182 997
182 1633
182 1807
183 626
183 852
183 899
183 1353
183 1559
184 566
184 997
184 1042
184 1346
185 800
185 856
185 1086
185 1688
185 1828
186 1268
186 1367
186 1479
187 212
187 723
187 767
187 968
187 1873
188 788
188 841
189 345
189 399
189 633
189 780
189 1177
189 1655
189 1667
189 1791
189 1975
189 1993
190 365
190 636
190 638
190 1953
191 818
191 1447
191 1577
191 1711
192 304
192 501
192 652
192 876
192 1928
193 669
193 1773
193 1880
194 223
194 997
194 1375
194 1619
194 1657
194 1946
195 259
195 403
195 717
195 1031
195 1540
196 590
196 1009
196 1091
196 1490
196 1568
196 1925
197 438
197 629
197 705
197 751
197 847
197 930
197 1674
197 1704
197 1740
198 263
199 443
199 517
199 873
199 1651
200 216
200 834
200 1315
200 1591
200 1877
201 321
202 1048
202 1160
202 1399
202 1725
203 304
203 791
203 1243
204 1028
204 1138
205 212
205 456
205 490
205 773
205 900
205 1235
205 1331
206 845
206 1044
206 1401
206 1682
207 663
207 816
207 976
207 1127
207 1236
208 376
208 1153
209 1110
209 1359
209 1389
209 1649
210 431
210 1208
210 1476
210 1777
211 275
211 300
211 575
211 588
211 907
211 1130
211 1470
211 1565
212 723
212 1093
212 1200
212 1559
213 899
213 1700
213 1966
214 311
214 1972
215 1313
215 1394
216 1064
217 1351
217 1668
217 1687
218 495
218 830
218 1298
218 1447
218 1747
218 1813
219 429
219 1381
219 1745
220 1053
220 1223
220 1685
220 1695
221 231
221 750
221 770
221 808
221 918
221 982
221 1028
221 1041
221 1101
221 1635
221 1782
222 306
222 956
222 1266
222 1749
223 258
223 669
223 914
223 1955
224 589
224 1339
224 1647
225 454
225 948
225 1376
225 1560
225 1634
226 1058
226 1106
226 1610
226 1759
227 848
227 1019
227 1125
227 1239
227 1294
227 1324
227 1851
228 1027
228 1666
228 1799
228 1829
229 678
229 801
229 1332
229 1518
229 1950
230 274
230 1413
230 1682
231 344
231 1195
231 1446
232 818
232 852
232 956
232 1968
233 270
233 376
233 426
233 621
233 629
233 985
233 1061
233 1577
234 334
234 468
234 911
234 1015
234 1244
235 473
235 686
235 1737
235 1784
236 701
236 771
236 1074
236 1791
236 1867
237 1180
237 1187
237 1467
237 1576
237 1625
238 708
238 853
238 1281
238 1387
239 408
239 526
239 722
239 819
239 1039
239 1694
239 1706
240 531
240 958
240 1213
240 1553
241 327
241 736
241 1080
241 1934
242 443
242 1213
242 1555
242 1778
242 1841
243 291
243 385
243 652
243 685
243 1038
243 1430
243 1457
243 1829
243 1912
243 1985
244 1169
244 1210
244 1445
245 1882
246 333
246 571
246 1492
246 1984
247 384
247 1354
247 1462
247 1603
248 1311
248 1438
248 1915
249 765
249 897
249 1264
249 1769
250 424
250 685
251 317
251 702
251 788
251 971
251 1745
252 545
252 825
252 909
252 1203
253 650
253 948
253 1600
253 1999
254 394
254 522
254 781
254 1045
255 717
255 1043
255 1739
256 568
256 1111
256 1831
256 1860
257 882
257 1650
258 406
258 747
258 1646
258 1774
259 887
259 1153
259 1314
259 1350
259 1515
259 1737
260 1764
260 1822
260 1938
261 488
261 931
261 1020
262 1532
262 1794
263 666
263 752
263 1032
263 1710
264 353
264 540
264 800
264 1141
265 388
265 1306
266 650
266 1486
266 1516
267 691
267 840
267 1193
267 1545
267 1830
268 450
268 520
268 619
268 790
268 960
268 1081
268 1254
269 498
269 539
269 561
269 799
269 1670
269 1966
271 718
271 754
271 1262
271 1333
272 466
272 931
272 962
273 380
273 503
273 1636
273 1679
274 708
274 987
274 1207
275 282
275 707
276 989
276 1336
276 1934
276 1964
277 535
277 986
277 1799
278 790
278 1025
278 1170
278 1615
278 1636
279 290
279 484
279 1023
279 1082
280 604
280 614
280 727
280 1222
280 1712
281 352
281 515
281 1496
282 454
282 1920
283 444
283 647
283 1774
283 1778
284 567
284 901
284 1251
284 1343
284 1632
284 1677
284 1893
285 555
285 1000
285 1330
285 1652
285 1999
286 778
286 1781
286 1973
287 868
287 1184
287 1473
288 518
288 677
288 763
288 858
288 880
288 1142
288 1586
289 655
289 890
289 1184
289 1199
289 1217
289 1263
289 1331
289 1432
289 1651
289 1961
290 715
290 1158
291 927
291 1424
292 462
292 737
292 964
292 1026
292 1035
292 1909
293 739
293 1775
293 1913
293 1991
294 1372
294 1555
294 1738
295 449
295 954
295 1776
295 1811
295 1943
296 475
296 643
296 964
296 1125
296 1593
296 1692
296 1806
297 353
297 508
297 968
297 1029
297 1039
298 337
298 808
298 986
299 675
299 1148
299 1232
299 1711
300 367
301 839
301 987
301 1087
301 1817
302 311
302 1186
303 1592
304 329
304 1157
305 886
305 1350
305 1845
306 989
307 479
307 1228
307 1961
308 517
308 658
308 1566
308 1900
308 1960
309 806
309 1010
309 1396
310 830
311 880
311 1059
311 1130
311 1139
311 1262
311 1804
312 652
312 725
312 1202
313 514
313 650
313 828
313 893
313 1097
314 1263
314 1721
315 778
315 1134
315 1533
315 1807
316 370
316 738
316 1285
316 1504
316 1527
316 1926
317 510
317 1263
317 1480
317 1856
318 357
318 548
318 1629
318 1658
319 919
319 1139
319 1214
319 1369
319 1556
320 1938
321 466
321 636
321 1346
322 387
322 544
322 564
322 787
322 858
322 1493
322 1508
322 1570
322 1585
323 475
323 713
323 1129
323 1614
323 1779
323 1931
323 1959
324 413
324 562
324 716
324 841
324 1226
324 1581
325 698
325 964
326 591
326 641
326 817
326 1101
327 428
327 806
327 899
327 1441
327 1582
328 938
328 1468
328 1519
329 509
329 616
329 1638
329 1813
329 1891
330 355
330 1516
330 1664
331 476
331 775
331 792
331 980
331 1368
331 1878
332 872
332 966
332 1080
332 1256
332 1408
332 1549
332 1689
333 1229
333 1707
334 474
334 477
334 597
334 791
334 855
334 1110
334 1968
335 393
335 732
335 1514
335 1636
335 1832
336 534
336 801
336 1502
336 1869
337 350
337 461
337 1265
337 1429
337 1483
337 1751
338 795
338 939
338 1233
338 1269
339 352
339 661
339 1295
339 1782
340 556
340 575
340 1315
340 1736
341 963
341 1238
341 1480
341 1486
341 1554
341 1605
342 425
342 863
342 1080
343 1684
343 1850
344 470
344 785
344 805
344 1531
344 1997
345 1404
346 727
346 789
346 816
346 1551
346 1654
346 1987
347 497
347 885
347 1426
347 1922
348 381
348 605
348 630
348 727
348 857
348 1008
348 1815
349 898
350 708
350 755
350 800
350 852
350 1526
350 1673
350 1786
351 575
351 580
351 1109
351 1141
352 742
352 1080
352 1430
352 1596
352 1945
353 1551
353 1634
353 1712
354 755
354 1209
355 774
355 1171
355 1341
356 837
356 1234
356 1781
356 1847
357 395
357 1175
357 1857
357 1893
358 600
358 635
358 851
358 985
358 1698
359 390
359 972
359 1730
359 1799
359 1870
360 796
360 865
360 1357
360 1874
361 623
361 901
361 1039
361 1114
361 1284
361 1503
361 1523
361 1551
361 1675
361 1948
362 624
362 852
362 1039
362 1073
362 1239
362 1867
363 437
363 807
363 949
363 1732
363 1747
364 1337
365 827
365 1025
365 1280
365 1690
365 1726
365 1974
366 449
366 1011
366 1302
366 1431
366 1828
366 1957
367 383
367 770
367 1092
367 1564
367 1704
368 805
368 1262
369 809
369 1722
369 1757
369 1961
370 575
370 617
370 769
370 962
370 1761
371 613
371 664
371 711
371 777
371 1140
372 702
373 595
373 1367
374 485
374 1145
374 1396
374 1568
374 1771
375 1638
376 712
376 1147
376 1576
377 564
378 1152
378 1287
378 1335
378 1598
379 706
379 1187
379 1737
380 475
380 759
380 1084
380 1802
381 595
381 601
381 670
381 748
381 1024
381 1566
381 1930
382 752
382 1379
382 1417
382 1626
382 1727
382 1782
382 1847
382 1923
382 1961
383 538
383 718
384 1294
384 1378
384 1509
385 871
385 1090
385 1263
385 1815
386 1173
387 445
387 1017
387 1355
388 834
388 966
388 1148
388 1198
388 1699
388 1823
388 1931
389 447
389 498
389 603
389 668
389 921
389 1117
389 1291
389 1848
390 682
390 1878
390 1913
390 1992
391 615
391 699
391 1128
391 1576
391 1829
392 529
393 839
393 1017
393 1057
393 1610
394 812
394 967
394 1655
395 752
395 1030
395 1709
395 1787
396 526
396 1042
396 1218
397 723
397 757
397 1016
397 1222
397 1286
397 1439
397 1857
398 674
398 1030
398 1589
398 1591
398 1925
399 416
399 893
399 1127
399 1877
399 1896
400 523
400 528
400 578
400 621
400 631
400 861
400 869
401 595
401 1482
402 921
402 1054
402 1125
403 742
403 944
403 1639
404 738
404 1656
404 1747
405 743
405 900
406 639
406 1081
406 1164
407 1649
408 466
408 1244
408 1720
408 1785
409 784
409 1116
409 1559
410 1291
410 1321
410 1619
410 1983
411 1048
411 1121
411 1299
411 1583
411 1618
412 644
412 1598
412 1613
412 1701
412 1705
412 1899
413 593
413 1974
414 834
414 995
414 1529
414 1534
414 1997
415 1324
415 1872
416 481
416 902
416 1197
416 1530
416 1973
417 725
417 974
417 1263
417 1284
417 1314
418 1593
418 1731
418 1872
419 831
419 1133
419 1394
420 470
420 1802
421 1307
421 1348
421 1352
421 1869
421 1943
422 601
422 710
422 1369
422 1738
422 1836
423 761
423 1172
423 1323
423 1963
424 586
424 701
424 818
424 1176
424 1445
424 1921
424 1958
425 760
425 1536
425 1749
426 1908
427 578
427 794
427 1036
427 1384
427 1426
427 1692
427 1851
427 1878
427 1989
428 825
428 902
428 1107
428 1109
428 1454
428 1515
428 1930
429 500
429 1264
429 1426
429 1468
430 811
430 1218
430 1314
430 1743
430 1952
431 897
431 1028
431 1562
431 1583
431 1607
431 1761
432 959
433 468
433 867
433 1141
433 1252
433 1648
434 752
434 859
434 967
435 720
435 1221
435 1360
435 1736
435 1965
436 516
436 534
436 1721
436 1848
437 721
437 821
437 1861
437 1901
437 1941
438 639
438 1086
438 1280
438 1305
438 1309
438 1443
439 682
439 1870
439 1953
440 856
440 1421
440 1578
440 1961
441 1079
441 1196
441 1775
442 706
442 787
442 1318
442 1358
442 1359
442 1406
442 1473
442 1763
442 1882
443 641
443 661
443 928
443 1241
443 1717
443 1937
444 644
444 940
444 1185
444 1709
444 1726
444 1896
445 1047
445 1211
445 1714
446 528
446 938
446 1771
447 944
447 1116
447 1148
447 1417
447 1872
448 921
448 924
448 981
448 1448
448 1832
449 745
449 1005
449 1326
450 916
451 825
451 916
451 1234
451 1476
451 1826
452 818
452 1012
452 1882
453 724
453 1446
454 942
454 1003
454 1576
454 1603
455 946
456 628
456 762
456 1411
456 1766
457 856
457 1360
457 1497
458 460
458 1605
458 1783
459 539
459 1729
459 1771
459 1909
460 735
460 982
460 1608
460 1657
460 1754
460 1950
461 483
461 734
461 866
461 1229
462 1312
462 1353
462 1560
462 1760
463 1020
463 1314
463 1886
463 1895
464 639
464 722
464 1487
464 1546
466 1289
466 1452
466 1494
466 1623
466 1917
467 670
467 1985
468 669
469 1363
469 1367
470 795
470 860
470 1037
470 1459
470 1863
470 1904
470 1968
471 624
471 1612
471 1679
472 518
472 632
472 1621
472 1712
473 1119
473 1447
473 1784
474 1108
474 1882
475 1931
476 671
476 907
476 1200
476 1357
477 1505
478 1337
478 1489
479 504
479 584
479 1152
479 1176
479 1611
479 1690
479 1858
480 546
480 734
480 852
480 1366
480 1757
481 952
481 1870
482 579
482 1004
482 1017
482 1253
482 1341
482 1559
482 1738
482 1913
483 1032
483 1039
483 1577
483 1650
484 937
484 971
484 1112
484 1145
484 1498
485 633
485 1180
485 1353
485 1692
485 1840
486 512
486 1309
486 1528
486 1581
486 1630
487 1404
487 1468
487 1737
488 1493
489 511
490 985
490 1220
490 1834
492 777
492 807
492 1145
492 1602
493 975
493 1431
493 1532
493 1871
494 716
494 733
494 1476
494 1718
494 1825
495 808
495 935
495 1412
495 1832
496 1443
497 551
497 907
497 1497
497 1508
497 1634
497 1714
498 720
498 1511
498 1553
498 1960
499 553
499 707
499 1049
499 1337
500 947
500 1210
500 1244
500 1471
500 1791
500 1829
501 1912
502 601
502 724
502 851
502 1155
503 546
503 1008
503 1973
504 1701
505 682
505 853
505 1531
505 1888
506 619
506 935
506 1172
506 1178
506 1751
506 1800
507 920
507 1001
507 1083
508 821
508 1157
508 1319
508 1430
509 559
509 829
509 1213
509 1311
509 1381
509 1451
509 1544
509 1794
509 1941
510 633
510 1083
510 1289
510 1309
510 1311
510 1456
511 519
511 757
511 1141
512 606
512 609
512 617
512 663
512 1283
512 1843
513 834
513 1695
514 640
514 937
514 1560
514 1749
515 803
515 1182
515 1230
515 1905
516 640
516 1528
516 1805
516 1821
516 1942
517 805
517 901
517 1428
518 620
518 1122
518 1184
519 924
519 1298
519 1301
519 1478
519 1552
519 1835
519 1867
519 1898
520 676
520 865
520 1109
520 1241
520 1779
520 1998
521 552
521 817
521 1333
521 1807
522 1103
523 599
523 977
523 1191
523 1431
524 623
524 993
524 1004
524 1297
524 1570
525 829
525 1432
525 1588
525 1663
526 897
526 1116
526 1223
526 1431
526 1880
527 550
527 613
527 761
527 774
527 792
527 822
527 1296
527 1325
528 1941
529 644
529 1615
530 1170
530 1337
530 1602
530 1644
531 1330
532 865
532 924
532 1015
533 724
533 772
533 1448
533 1657
533 1680
534 1246
534 1504
535 816
535 1136
535 1200
535 1440
536 648
536 1098
536 1114
536 1177
536 1317
536 1383
536 1569
537 771
537 1509
538 1780
538 1973
539 1112
539 1498
540 587
540 1081
540 1137
540 1415
540 1737
540 1753
540 1818
541 684
541 1052
541 1502
541 1604
541 1605
542 567
542 1385
542 1920
543 993
543 1041
543 1142
543 1365
543 1528
543 1671
544 576
544 1675
545 944
545 1552
545 1679
546 780
546 1171
546 1221
547 714
547 748
547 1095
547 1201
547 1412
547 1973
548 840
549 888
549 1043
550 1367
550 1630
551 556
551 1354
551 1418
551 1473
551 1567
551 1832
551 1959
552 907
552 1425
552 1430
552 1467
553 720
553 1227
554 1322
554 1633
555 1138
555 1290
555 1747
555 1829
555 1873
556 835
556 1108
556 1537
556 1704
556 1731
557 916
557 1970
558 724
558 804
558 887
558 987
558 1201
558 1753
558 1795
559 787
560 711
561 667
561 700
561 1023
561 1785
562 635
562 741
562 1560
563 1292
563 1506
563 1776
563 1841
563 1929
565 769
565 782
565 901
565 1465
565 1583
565 1729
566 811
566 819
566 1116
566 1155
566 1259
566 1591
566 1611
566 1727
567 1146
567 1352
567 1408
567 1486
567 1880
568 1170
568 1443
568 1451
568 1532
570 754
570 815
570 877
570 1010
570 1074
572 601
572 726
572 783
572 1192
572 1500
573 934
573 949
573 1389
573 1697
573 1729
574 797
574 845
574 1034
575 671
575 821
575 875
575 1109
576 941
576 1216
577 1881
578 900
578 1472
578 1593
578 1705
579 1581
579 1942
580 1113
580 1744
580 1749
581 717
581 895
581 1669
582 862
582 938
582 1733
582 1825
583 838
583 1015
583 1293
584 1060
584 1071
584 1519
585 723
585 1129
585 1715
586 875
586 1465
587 739
587 758
587 1284
587 1388
587 1471
588 1334
588 1998
589 619
589 1652
590 1203
590 1230
591 816
591 1625
591 1905
591 1969
592 733
592 1485
592 1594
593 602
593 1226
593 1435
594 949
594 1394
595 1002
595 1105
595 1438
595 1699
595 1775
596 710
596 1079
597 817
597 952
597 1065
598 1284
598 1432
598 1798
598 1852
598 1887
599 611
599 872
599 887
599 1059
599 1163
599 1534
600 1152
600 1749
600 1883
601 714
601 958
601 1117
601 1822
602 935
602 1273
602 1312
602 1787
603 859
603 1136
605 979
605 1156
605 1724
605 1845
606 1335
607 730
607 974
608 1893
609 1950
610 720
612 702
612 956
612 1564
613 730
613 1314
613 1346
613 1803
614 1394
614 1421
614 1787
614 1903
615 681
615 954
615 1059
615 1275
615 1497
615 1841
616 791
616 1195
616 1577
616 1879
617 853
617 961
618 1094
618 1168
618 1460
619 929
619 984
620 628
620 794
620 902
620 999
620 1140
620 1285
620 1649
621 1058
621 1190
621 1446
622 1228
622 1928
623 713
623 1474
623 1746
623 1865
624 638
624 1035
624 1709
625 1487
626 904
626 918
627 768
627 884
627 1178
627 1430
627 1898
628 1501
629 882
629 1788
629 1921
630 875
630 1056
630 1208
630 1676
630 1837
630 1999
631 878
631 1165
631 1675
631 1760
632 1536
632 1605
633 725
633 981
633 1212
633 1647
634 826
634 1187
634 1275
634 1737
634 1993
635 809
635 883
635 1017
635 1068
636 971
636 1035
636 1209
636 1680
636 1704
637 734
637 1035
637 1758
637 1938
638 1186
638 1256
638 1359
638 1718
639 870
639 1052
639 1138
640 825
640 1151
640 1397
640 1932
641 672
641 1264
641 1488
641 1642
642 954
642 1201
642 1347
643 1184
643 1440
643 1739
644 688
644 942
644 1093
644 1539
644 1902
645 1547
646 1113
647 838
647 968
647 1116
648 929
648 1120
648 1249
648 1594
649 769
649 1046
649 1341
649 1535
649 1602
649 1875
649 1960
650 909
650 1283
650 1343
650 1354
650 1893
651 1089
651 1845
652 1182
652 1297
652 1767
652 1781
653 1260
653 1470
653 1474
653 1840
654 686
654 1366
654 1578
654 1725
655 744
655 1223
655 1383
655 1433
655 1706
656 702
656 914
656 978
656 1532
657 1087
657 1577
657 1913
657 1996
658 705
658 811
658 930
658 1083
658 1366
659 736
659 1334
659 1344
659 1513
659 1679
659 1851
660 1118
660 1200
660 1696
660 1741
660 1846
661 1980
663 691
663 742
663 854
663 1323
663 1488
663 1759
664 1102
664 1378
664 1570
664 1734
665 1715
665 1852
666 693
666 870
666 1767
666 1804
666 1938
667 880
667 912
668 1410
668 1424
669 819
669 1968
670 877
670 1617
671 783
671 1065
671 1268
671 1494
672 918
672 1527
673 1107
673 1608
673 1777
673 1799
674 889
674 1021
674 1349
675 857
675 1003
675 1374
675 1483
675 1602
675 1834
675 1846
675 1935
676 1065
676 1075
676 1402
676 1527
676 1790
677 723
677 854
677 1108
678 686
678 1940
679 693
679 805
679 1151
679 1177
679 1350
679 1530
679 1738
679 1947
680 883
681 861
681 1664
681 1718
682 721
682 767
682 1111
682 1262
682 1422
682 1649
683 723
683 779
683 1217
683 1413
683 1506
684 738
684 791
684 1081
684 1579
684 1650
684 1942
685 812
685 831
685 984
685 1021
685 1298
685 1420
685 1688
686 1045
686 1141
687 812
687 1316
687 1437
687 1628
687 1980
688 950
688 1155
688 1447
688 1687
688 1853
689 1065
689 1442
689 1481
689 1511
689 1724
689 1783
690 760
690 1095
690 1540
690 1684
690 1738
690 1771
691 702
691 723
691 1091
691 1107
691 1978
691 1995
692 1247
693 921
693 976
693 1498
694 842
694 1626
694 1694
694 1757
695 1263
696 1327
696 1341
697 821
697 1860
698 703
698 935
698 1025
698 1548
698 1803
699 914
699 995
699 1203
699 1462
699 1651
699 1707
699 1729
699 1786
700 963
700 986
700 1251
700 1444
701 1086
701 1319
701 1463
701 1936
702 752
702 762
702 1289
702 1562
702 1826
703 797
703 845
703 985
703 1001
704 765
705 1097
705 1214
706 751
706 1329
706 1742
707 1022
707 1272
707 1749
707 1768
708 1576
708 1614
709 850
709 917
709 1329
709 1794
709 1923
709 1973
710 995
710 1722
711 1486
711 1595
712 797
712 1071
712 1249
712 1576
712 1686
712 1893
713 785
713 1152
713 1690
714 801
715 772
715 967
715 1431
715 1561
715 1833
716 878
716 1966
717 1246
717 1569
718 1308
718 1863
719 1175
719 1995
720 1827
721 1013
721 1493
722 1067
722 1310
724 982
724 1170
725 1112
725 1337
725 1365
725 1426
725 1720
725 1775
725 1971
726 846
726 1854
727 1153
727 1619
727 1933
729 904
729 1224
729 1589
729 1618
729 1732
730 935
730 1254
730 1775
730 1870
731 1319
731 1384
731 1980
732 744
732 1681
732 1906
733 782
733 1836
734 1343
734 1385
734 1685
735 1343
735 1460
735 1512
735 1563
735 1986
736 1079
736 1279
737 750
737 1037
737 1073
737 1261
737 1388
738 904
738 1022
738 1164
738 1224
738 1519
739 805
739 1545
739 1546
739 1781
739 1915
740 892
740 1496
740 1883
741 859
741 913
741 1219
741 1921
742 842
742 1380
742 1652
742 1775
743 1395
743 1843
744 1107
744 1816
744 1840
745 1251
745 1484
745 1662
746 1251
746 1645
746 1873
746 1958
747 1865
748 873
748 1269
748 1490
748 1568
748 1958
749 892
749 1659
749 1692
749 1756
749 1927
750 752
751 926
751 946
751 1113
751 1169
751 1747
752 916
752 969
752 1518
752 1543
752 1832
753 1303
753 1935
754 1258
754 1450
754 1866
754 1917
755 795
755 929
755 1632
756 778
756 1080
756 1305
756 1551
756 1867
757 960
757 1152
757 1511
757 1610
757 1942
758 807
758 1000
758 1141
758 1763
758 1873
759 1558
759 1714
759 1968
759 1987
760 1774
760 1951
760 1968
761 1220
761 1851
761 1967
762 1312
762 1593
763 1467
763 1904
764 1531
764 1705
765 892
765 898
765 933
765 1110
765 1369
765 1424
765 1676
766 993
766 1337
766 1408
767 1657
767 1884
768 935
768 1228
768 1515
769 799
769 1201
769 1320
769 1669
770 1741
770 1965
771 935
771 1586
772 814
772 1106
772 1243
772 1724
772 1732
772 1738
773 1360
773 1634
774 1032
774 1189
774 1250
774 1362
775 1531
775 1539
775 1549
775 1590
775 1710
776 1058
776 1163
776 1384
776 1403
776 1856
777 790
777 809
777 1709
778 1001
778 1355
778 1388
778 1823
779 872
779 1592
779 1767
779 1954
780 818
780 1277
780 1407
780 1692
781 819
781 1273
782 1330
782 1513
782 1782
782 1989
783 853
783 903
783 1263
783 1316
784 1305
784 1635
784 1766
784 1868
786 1035
786 1091
786 1607
787 1196
787 1278
787 1329
788 1503
788 1566
788 1642
789 1285
789 1312
789 1415
789 1733
789 1808
790 838
790 1087
790 1250
790 1485
791 906
791 950
791 1347
791 1620
791 1907
792 818
792 960
792 1031
792 1033
792 1034
793 1474
793 1528
793 1617
793 1922
794 911
794 1153
794 1394
794 1996
795 1387
795 1459
796 1103
796 1408
796 1594
797 1035
797 1207
797 1621
798 875
798 1088
798 1192
798 1873
798 1998
799 1115
799 1207
799 1351
799 1750
800 1040
800 1689
800 1971
801 1003
801 1458
802 935
802 1260
802 1875
802 1987
803 1144
803 1171
803 1412
804 817
804 1334
804 1745
804 1785
805 1216
806 932
807 1198
807 1593
807 1750
807 1758
807 1782
808 1596
809 871
809 1405
809 1472
809 1744
810 1227
810 1491
810 1513
810 1788
810 1896
811 1102
811 1831
812 880
812 1167
812 1340
813 828
813 838
813 970
813 985
814 1329
814 1519
814 1590
815 1132
815 1638
815 1821
816 1088
816 1806
816 1837
816 1889
816 1914
817 1177
817 1556
817 1654
817 1929
818 1067
818 1291
818 1381
821 1031
821 1505
821 1589
821 1850
822 983
822 1477
823 1310
826 916
826 1157
826 1647
827 836
827 931
827 1714
828 1025
828 1498
829 938
829 1476
830 1170
830 1728
831 1320
832 1347
833 854
833 927
833 1514
833 1570
833 1600
833 1760
833 1847
835 1372
835 1672
835 1961
835 1972
836 1236
837 855
837 1595
837 1642
839 1150
839 1331
839 1613
840 1200
841 1104
841 1204
841 1585
841 1801
842 948
842 1147
842 1226
842 1286
842 1653
842 1659
842 1739
843 1123
843 1233
843 1684
844 1347
845 936
845 1061
845 1485
845 1957
846 905
846 1200
846 1228
846 1244
846 1278
846 1877
847 1272
848 1343
848 1505
850 1171
850 1245
850 1553
850 1654
850 1876
851 1325
851 1620
852 870
853 885
853 1651
853 1729
854 1003
854 1119
854 1173
854 1259
854 1605
854 1757
854 1882
854 1993
855 1491
855 1543
857 1029
857 1373
857 1821
858 1657
858 1790
859 872
859 1225
860 996
861 1691
861 1865
862 958
862 1187
862 1724
863 984
863 1315
863 1316
863 1503
863 1526
863 1627
863 1930
865 895
865 925
865 971
865 1380
865 1684
866 914
866 1066
866 1102
867 1610
867 1748
867 1809
867 1870
867 1953
868 1105
868 1404
868 1661
868 1811
868 1855
869 1763
870 1057
870 1569
870 1780
871 1396
871 1798
871 1831
872 888
872 1487
873 1682
874 1349
874 1648
874 1770
875 1281
875 1325
875 1951
875 1973
876 1281
876 1301
877 1023
878 1026
878 1275
879 918
879 962
879 1649
880 894
880 996
880 1219
880 1369
880 1387
881 1059
881 1929
881 1954
882 946
882 1134
883 969
883 1631
883 1844
885 1196
885 1402
885 1939
885 1945
886 1595
886 1797
887 1013
887 1070
887 1268
887 1958
888 1106
888 1394
888 1923
888 1966
889 1178
889 1317
889 1652
889 1785
890 909
890 923
890 1573
891 1378
891 1477
891 1621
891 1800
892 987
892 1529
892 1675
892 1739
892 1827
892 1854
893 962
893 1090
893 1241
893 1645
893 1886
894 1513
895 1486
895 1905
896 1877
896 1885
897 1514
897 1616
897 1631
898 1179
898 1541
898 1716
898 1812
899 1064
899 1864
900 1481
900 1842
901 922
901 1068
901 1137
901 1181
901 1503
902 1262
902 1860
902 1922
903 1016
903 1038
903 1452
904 994
904 1259
904 1649
904 1829
905 1134
905 1978
906 1025
906 1248
906 1453
907 1291
907 1315
907 1807
907 1934
908 922
908 1041
908 1306
908 1596
909 1760
910 1146
910 1473
910 1769
911 1840
911 1985
912 973
912 1829
913 1177
913 1439
913 1559
914 1298
914 1894
914 1970
915 1253
915 1597
915 1672
915 1999
916 1068
916 1829
916 1857
917 1156
917 1574
917 1909
917 1954
918 1158
918 1931
919 1256
920 1087
920 1292
920 1408
921 1149
921 1316
921 1436
921 1674
921 1835
922 1136
922 1258
922 1724
922 1737
922 1897
922 1971
925 1359
925 1542
926 972
926 1170
928 1109
928 1275
928 1307
929 1000
929 1150
929 1827
929 1935
930 1324
930 1418
932 1075
932 1319
932 1481
932 1841
933 1305
933 1809
933 1968
934 1460
934 1762
935 1603
935 1789
935 1956
936 1349
936 1376
936 1498
936 1626
937 996
937 1040
937 1220
937 1382
938 1787
938 1939
939 1170
939 1482
939 1777
940 976
940 1644
941 1049
941 1403
942 1087
942 1471
943 1107
943 1124
943 1172
943 1228
943 1473
943 1514
943 1629
943 1705
944 1290
944 1296
945 951
945 973
945 1189
945 1275
945 1746
946 1035
946 1175
946 1481
946 1631
946 1953
947 1283
947 1648
948 1337
948 1382
948 1958
949 1159
950 1700
951 1833
951 1879
952 1071
952 1091
952 1556
953 982
953 1597
954 1154
954 1226
954 1329
954 1331
954 1417
954 1738
955 1215
955 1976
956 1118
956 1274
956 1310
956 1594
956 1795
957 1172
957 1282
957 1420
957 1633
957 1873
958 1034
958 1074
958 1098
958 1227
958 1649
958 1818
959 1015
959 1134
960 1042
960 1143
960 1320
960 1323
960 1515
960 1816
961 1365
961 1858
962 1174
962 1318
962 1580
962 1646
962 1820
962 1853
962 1910
963 971
963 1766
963 1800
963 1940
964 986
964 1402
965 1846
966 1459
966 1514
967 1057
967 1081
968 1348
968 1796
969 1397
969 1758
969 1855
971 1298
971 1758
972 1310
972 1522
972 1991
973 1761
973 1914
974 1099
974 1334
974 1443
974 1537
974 1896
975 1724
975 1902
976 1305
976 1713
976 1743
977 1469
977 1624
977 1791
978 1210
978 1370
978 1500
978 1782
978 1958
979 1349
980 1642
981 1422
981 1459
981 1724
982 1104
982 1755
982 1835
983 1283
984 1803
984 1955
985 1257
986 1405
986 1660
986 1983
987 1000
987 1436
987 1863
987 1937
988 1221
989 1945
990 1279
990 1932
991 1300
991 1303
991 1307
991 1875
991 1961
992 1941
992 1984
993 1782
994 1659
995 1094
995 1201
995 1213
996 1187
996 1213
996 1433
996 1465
997 1210
997 1370
997 1705
997 1934
997 1975
998 1005
998 1088
998 1375
998 1710
999 1000
999 1374
999 1784
1000 1291
1000 1493
1000 1552
1001 1476
1001 1718
1002 1169
1002 1874
1004 1148
1004 1160
1004 1896
1004 1925
1005 1194
1005 1671
1005 1676
1006 1963
1007 1049
1008 1050
1009 1117
1009 1477
1009 1955
1010 1113
1010 1449
1011 1448
1011 1653
1011 1857
1012 1377
1013 1355
1014 1109
1014 1247
1015 1647
1015 1798
1015 1823
1015 1971
1015 1995
1016 1848
1017 1456
1017 1468
1018 1172
1018 1189
1019 1080
1019 1293
1019 1902
1019 1937
1020 1518
1022 1961
1023 1879
1024 1392
1024 1658
1025 1244
1025 1312
1025 1375
1025 1651
1025 1832
1025 1894
1026 1035
1026 1069
1026 1408
1026 1509
1026 1597
1026 1645
1028 1197
1030 1292
1031 1430
1031 1902
1032 1184
1032 1851
1032 1913
1033 1417
1033 1476
1034 1103
1034 1519
1034 1980
1036 1199
1036 1774
1037 1389
1037 1435
1037 1667
1037 1715
1038 1466
1038 1863
1038 1944
1039 1203
1039 1451
1039 1701
1039 1805
1040 1495
1040 1664
1041 1500
1041 1506
1041 1526
1041 1749
1043 1297
1043 1397
1043 1523
1044 1335
1045 1357
1046 1385
1047 1711
1048 1696
1049 1646
1050 1564
1050 1876
1051 1192
1051 1344
1051 1481
1052 1465
1053 1092
1053 1344
1053 1674
1053 1941
1054 1347
1054 1465
1054 1513
1055 1146
1055 1516
1055 1561
1055 1567
1055 1585
1056 1078
1057 1081
1057 1432
1058 1408
1058 1430
1058 1750
1058 1763
1058 1940
1058 1970
1058 1978
1059 1116
1059 1667
1060 1551
1060 1556
1060 1680
1060 1741
1060 1847
1061 1099
1061 1565
1061 1777
1061 1897
1062 1465
1063 1256
1063 1821
1064 1716
1064 1780
1064 1785
1064 1991
1065 1373
1065 1697
1066 1718
1066 1725
1067 1497
1067 1682
1067 1956
1068 1121
1068 1967
1069 1781
1069 1858
1069 1986
1070 1395
1070 1662
1071 1438
1071 1670
1071 1827
1073 1312
1074 1607
1075 1276
1075 1622
1075 1879
1075 1906
1075 1920
1076 1297
1076 1423
1076 1621
1078 1892
1079 1391
1079 1656
1080 1227
1080 1842
1081 1315
1081 1585
1081 1618
1081 1630
1081 1654
1081 1844
1082 1211
1082 1723
1083 1252
1083 1463
1083 1637
1083 1839
1084 1373
1085 1568
1086 1584
1086 1707
1086 1940
1086 1950
1087 1204
1087 1354
1087 1416
1087 1466
1087 1732
1087 1774
1088 1362
1088 1604
1089 1184
1089 1318
1089 1601
1090 1180
1090 1504
1090 1784
1091 1346
1091 1380
1091 1854
1092 1226
1092 1827
1092 1896
1092 1982
1093 1176
1094 1168
1095 1305
1095 1499
1095 1570
1095 1675
1096 1146
1096 1690
1096 1832
1097 1226
1097 1254
1097 1489
1098 1845
1101 1164
1101 1313
1101 1944
1102 1211
1102 1648
1102 1778
1103 1214
1104 1218
1105 1109
1108 1147
1108 1431
1108 1536
1108 1594
1109 1676
1109 1687
1110 1163
1110 1901
1111 1132
1111 1162
1111 1366
1111 1468
1112 1730
1113 1195
1113 1456
1113 1961
1114 1815
1115 1881
1115 1916
1117 1419
1119 1466
1119 1621
1119 1637
1119 1745
1119 1848
1120 1192
1120 1217
1120 1376
1120 1524
1121 1550
1121 1978
1122 1783
1123 1181
1123 1834
1124 1576
1124 1807
1126 1355
1126 1384
1126 1542
1126 1719
1127 1333
1128 1158
1128 1349
1129 1407
1129 1431
1130 1206
1131 1452
1131 1517
1131 1896
1131 1963
1133 1635
1133 1805
1134 1215
1134 1246
1134 1306
1134 1461
1135 1645
1136 1682
1137 1449
1138 1699
1138 1818
1139 1499
1140 1237
1140 1623
1141 1745
1141 1843
1142 1902
1143 1156
1143 1161
1143 1376
1144 1189
1144 1659
1145 1847
1146 1834
1147 1580
1147 1609
1147 1864
1147 1920
1147 1975
1148 1305
1148 1452
1149 1177
1149 1408
1149 1467
1149 1740
1150 1825
1153 1491
1154 1744
1154 1869
1155 1391
1155 1571
1155 1761
1157 1792
1157 1902
1158 1609
1158 1624
1158 1896
1158 1984
1159 1463
1160 1889
1161 1545
1161 1686
1162 1311
1162 1555
1163 1528
1163 1688
1163 1873
1164 1538
1164 1645
1165 1958
1167 1274
1167 1295
1167 1725
1168 1269
1168 1452
1168 1998
1169 1318
1169 1766
1170 1334
1170 1980
1171 1225
1171 1742
1173 1714
1174 1396
1174 1437
1175 1458
1175 1722
1176 1723
1176 1900
1177 1277
1177 1577
1177 1987
1179 1773
1179 1825
1180 1408
1180 1470
1180 1647
1180 1673
1180 1919
1181 1553
1182 1290
1182 1935
1182 1988
1183 1344
1183 1497
1183 1657
1184 1261
1184 1617
1184 1938
1185 1388
1185 1552
1185 1843
1186 1594
1186 1983
1188 1395
1188 1681
1188 1826
1189 1335
1189 1382
1189 1499
1189 1967
1190 1397
1193 1224
1193 1658
1193 1813
1193 1983
1194 1871
1195 1748
1197 1224
1197 1300
1197 1664
1198 1266
1198 1311
1198 1490
1198 1928
1199 1314
1200 1538
1200 1838
1201 1226
1202 1241
1202 1730
1203 1355
1203 1874
1204 1963
1207 1364
1207 1650
1207 1814
1208 1217
1208 1664
1208 1697
1208 1987
1210 1741
1210 1807
1211 1468
1211 1997
1212 1499
1212 1513
1212 1712
1213 1808
1214 1226
1214 1561
1214 1889
1215 1552
1216 1837
1217 1538
1218 1336
1218 1842
1219 1328
1219 1877
1221 1298
1222 1254
1222 1580
1222 1712
1222 1871
1223 1562
1223 1708
1223 1991
1224 1326
1224 1424
1225 1427
1226 1244
1226 1302
1226 1829
1226 1950
1227 1365
1229 1813
1230 1326
1231 1340
1231 1577
1231 1931
1232 1530
1233 1610
1233 1631
1233 1687
1234 1745
1234 1793
1235 1443
1235 1648
1236 1273
1237 1351
1237 1496
1238 1401
1238 1403
1239 1494
1240 1397
1241 1823
1241 1880
1241 1956
1242 1655
1243 1581
1243 1737
1244 1940
1245 1290
1246 1454
1247 1444
1248 1928
1249 1357
1249 1741
1250 1671
1250 1729
1250 1741
1252 1587
1253 1437
1253 1451
1253 1604
1255 1565
1256 1481
1256 1505
1256 1866
1257 1303
1257 1465
1257 1581
1257 1621
1258 1419
1258 1535
1258 1838
1258 1888
1259 1492
1260 1560
1260 1641
1260 1839
1261 1270
1261 1618
1261 1649
1262 1577
1263 1824
1264 1814
1265 1702
1265 1824
1266 1576
1266 1953
1267 1346
1267 1542
1268 1698
1268 1797
1269 1671
1269 1933
1270 1597
1270 1915
1271 1304
1271 1493
1272 1830
1272 1965
1273 1392
1273 1469
1273 1873
1274 1353
1274 1580
1274 1935
1276 1335
1276 1642
1276 1766
1277 1441
1277 1462
1277 1735
1277 1924
1278 1999
1279 1621
1279 1988
1280 1493
1280 1719
1280 1767
1280 1819
1280 1966
1281 1294
1281 1767
1281 1788
1281 1911
1282 1853
1283 1339
1283 1495
1285 1711
1286 1449
1286 1483
1286 1954
1286 1983
1287 1317
1287 1606
1287 1872
1288 1300
1288 1697
1289 1439
1290 1372
1290 1727
1290 1895
1290 1914
1291 1368
1291 1680
1292 1426
1292 1682
1292 1706
1292 1749
1293 1622
1294 1502
1294 1566
1294 1721
1295 1535
1295 1583
1296 1445
1296 1466
1296 1631
1297 1640
1298 1343
1299 1335
1299 1398
1299 1671
1299 1717
1300 1465
1302 1303
1304 1311
1304 1450
1304 1653
1304 1675
1304 1864
1305 1525
1306 1720
1306 1928
1306 1941
1306 1981
1308 1371
1308 1376
1308 1495
1308 1887
1308 1978
1310 1734
1311 1807
1312 1566
1313 1404
1313 1854
1313 1932
1314 1409
1314 1464
1316 1606
1317 1409
1317 1519
1317 1949
1318 1483
1318 1583
1318 1776
1319 1780
1320 1481
1320 1837
1321 1677
1322 1845
1324 1482
1325 1369
1325 1421
1325 1801
1326 1612
1326 1636
1327 1683
1327 1760
1327 1914
1328 1353
1328 1451
1328 1628
1328 1772
1330 1549
1330 1752
1330 1993
1331 1380
1332 1890
1335 1708
1336 1916
1337 1461
1337 1475
1337 1480
1337 1722
1338 1902
1340 1692
1341 1441
1341 1524
1341 1780
1342 1586
1342 1604
1342 1720
1342 1722
1343 1357
1343 1447
1344 1564
1344 1637
1344 1724
1345 1537
1345 1858
1345 1881
1346 1364
1346 1480
1347 1462
1347 1654
1347 1672
1348 1991
1350 1407
1350 1753
1350 1766
1351 1385
1351 1493
1351 1905
1353 1580
1353 1670
1353 1970
1354 1466
1354 1468
1354 1760
1355 1383
1355 1519
1355 1524
1356 1417
1357 1945
1359 1446
1359 1815
1361 1647
1363 1603
1363 1958
1364 1851
1365 1687
1366 1565
1366 1827
1367 1402
1367 1796
1367 1910
1367 1922
1369 1450
1370 1773
1371 1545
1371 1940
1372 1748
1373 1652
1373 1746
1373 1853
1374 1563
1375 1817
1375 1982
1376 1443
1376 1605
1376 1907
1376 1947
1378 1393
1380 1485
1380 1688
1380 1970
1381 1929
1382 1629
1382 1820
1384 1443
1384 1587
1385 1852
1389 1538
1389 1996
1390 1743
1390 1838
1391 1533
1392 1430
1394 1625
1395 1555
1396 1578
1396 1989
1398 1646
1399 1709
1400 1490
1401 1420
1402 1736
1402 1884
1403 1644
1403 1894
1404 1544
1405 1828
1408 1466
1408 1553
1408 1767
1408 1778
1408 1789
1409 1799
1410 1733
1410 1776
1411 1603
1411 1911
1412 1929
1413 1521
1413 1781
1413 1997
1414 1568
1414 1882
1416 1841
1416 1982
1416 1998
1417 1829
1418 1519
1418 1577
1418 1733
1419 1827
1420 1511
1420 1876
1421 1636
1422 1973
1427 1649
1428 1901
1429 1726
1430 1716
1431 1482
1431 1743
1431 1886
1433 1665
1433 1821
1434 1567
1434 1849
1435 1484
1435 1638
1435 1894
1436 1579
1438 1489
1438 1913
1438 1994
1440 1836
1441 1442
1441 1827
1442 1652
1442 1799
1444 1622
1444 1650
1444 1744
1445 1991
1446 1486
1446 1647
1448 1556
1448 1717
1449 1786
1449 1941
1450 1588
1450 1922
1451 1766
1451 1883
1452 1843
1452 1846
1452 1870
1453 1874
1455 1693
1456 1470
1456 1536
1456 1821
1456 1875
1457 1538
1457 1872
1458 1592
1459 1464
1460 1577
1460 1797
1461 1784
1462 1566
1462 1973
1463 1721
1464 1777
1465 1876
1466 1468
1466 1698
1467 1528
1468 1709
1468 1746
1469 1832
1469 1961
1470 1496
1470 1502
1470 1582
1471 1559
1471 1886
1472 1646
1473 1599
1473 1623
1473 1931
1475 1716
1476 1531
1476 1658
1477 1611
1477 1928
1477 1955
1478 1720
1478 1821
1478 1833
1479 1495
1479 1611
1479 1897
1479 1992
1481 1535
1481 1901
1484 1497
1485 1791
1485 1861
1485 1920
1486 1699
1487 1516
1488 1998
1489 1660
1490 1538
1490 1987
1491 1561
1491 1851
1492 1654
1494 1815
1494 1905
1495 1922
1496 1919
1499 1679
1499 1708
1500 1700
1504 1619
1504 1706
1506 1513
1506 1752
1508 1931
1512 1736
1513 1660
1515 1839
1515 1961
1515 1995
1517 1934
1518 1676
1519 1757
1521 1693
1522 1827
1523 1654
1526 1667
1526 1700
1527 1853
1528 1876
1529 1557
1529 1559
1529 1760
1532 1709
1533 1748
1534 1665
1536 1973
1538 1854
1538 1890
1538 1895
1539 1677
1541 1656
1541 1815
1541 1950
1542 1733
1544 1659
1544 1841
1544 1865
1545 1870
1545 1965
1547 1847
1547 1980
1548 1843
1549 1770
1550 1582
1551 1676
1551 1878
1555 1617
1555 1631
1555 1843
1557 1593
1558 1584
1558 1792
1558 1937
1559 1616
1559 1938
1562 1579
1562 1697
1563 1743
1566 1807
1567 1606
1569 1636
1570 1874
1571 1660
1571 1839
1573 1635
1573 1728
1574 1640
1575 1664
1576 1763
1576 1878
1576 1968
1577 1813
1578 1908
1579 1746
1581 1646
1583 1980
1584 1927
1584 1967
1585 1661
1585 1760
1585 1800
1586 1885
1587 1795
1587 1849
1587 1881
1588 1663
1588 1816
1592 1800
1592 1829
1593 1746
1595 1662
1596 1651
1596 1921
1599 1976
1601 1935
1601 1941
1603 1889
1603 1904
1605 1786
1607 1713
1608 1904
1610 1626
1611 1717
1611 1845
1612 1943
1613 1645
1613 1653
1615 1744
1615 1827
1615 1919
1616 1870
1616 1968
1617 1635
1617 1908
1619 1800
1619 1876
1620 1630
1620 1684
1621 1632
1621 1757
1623 1746
1624 1912
1624 1999
1625 1815
1625 1966
1625 1968
1625 1984
1626 1904
1627 1868
1627 1982
1631 1705
1633 1662
1633 1922
1635 1987
1636 1857
1636 1957
1637 1799
1638 1884
1639 1643
1641 1671
1641 1787
1641 1886
1643 1836
1643 1938
1646 1826
1647 1657
1647 1859
1647 1903
1648 1949
1649 1788
1649 1935
1650 1853
1651 1724
1651 1948
1652 1778
1653 1724
1654 1946
1658 1670
1658 1769
1659 1693
1662 1702
1663 1720
1664 1952
1666 1847
1669 1818
1670 1850
1672 1774
1672 1848
1675 1853
1676 1795
1676 1841
1676 1887
1678 1882
1678 1935
1678 1976
1679 1841
1680 1979
1685 1777
1685 1792
1686 1699
1687 1986
1690 1855
1692 1898
1693 1817
1694 1798
1694 1832
1695 1812
1696 1791
1699 1811
1700 1916
1701 1920
1703 1820
1703 1823
1710 1889
1710 1997
1713 1731
1715 1797
1715 1876
1717 1845
1719 1800
1720 1796
1720 1920
1722 1738
1722 1993
1723 1776
1723 1987
1726 1888
1727 1967
1730 1823
1734 1795
1734 1932
1735 1762
1737 1835
1739 1863
1739 1968
1743 1767
1743 1855
1744 1791
1744 1841
1747 1946
1751 1922
1752 1916
1754 1788
1754 1908
1755 1963
1758 1968
1759 1791
1759 1937
1762 1882
1766 1818
1769 1893
1770 1809
1771 1938
1772 1850
1777 1789
1779 1878
1779 1954
1782 1899
1786 1793
1787 1994
1792 1960
1793 1812
1794 1875
1794 1964
1795 1994
1798 1964
1802 1972
1803 1809
1803 1943
1806 1807
1807 1958
1814 1826
1815 1963
1815 1986
1822 1952
1824 1951
1825 1929
1826 1883
1826 1995
1828 1834
1835 1966
1838 1912
1840 1844
1840 1965
1840 1989
1840 1991
1841 1844
1842 1855
1842 1874
1845 1960
1855 1880
1864 1949
1867 1870
1869 1967
1872 1957
1873 1878
1878 1899
1887 1971
1890 1974
1891 1936
1893 1928
1894 1948
1895 1942
1902 1958
1907 1935
1908 1985
1914 1947
1915 1981
1924 1966
1927 1931
1932 1982
1943 1975
1945 1949
1959 1995
1974 1987
1975 1994
