100
0 5
0 7
0 8
0 9
0 18
0 25
0 28
0 31
0 34
0 39
0 43
0 52
0 54
0 56
0 57
0 58
0 65
0 67
0 71
0 73
0 75
0 83
0 85
0 92
0 95
0 97
1 15
1 18
1 20
1 24
1 27
1 31
1 32
1 46
1 56
1 57
1 61
1 64
1 67
1 73
1 79
1 80
1 95
2 3
2 4
2 11
2 16
2 23
2 34
2 35
2 37
2 39
2 41
2 43
2 54
2 69
2 77
2 80
2 99
3 4
3 7
3 15
3 18
3 20
3 21
3 24
3 25
3 26
3 32
3 39
3 42
3 47
3 53
3 57
3 61
3 68
3 70
3 80
3 81
3 83
3 86
3 94
4 8
4 9
4 17
4 31
4 46
4 47
4 54
4 58
4 67
4 77
4 85
4 89
4 90
4 91
4 94
4 95
5 7
5 12
5 13
5 17
5 19
5 27
5 28
5 34
5 37
5 42
5 48
5 50
5 52
5 53
5 54
5 55
5 58
5 61
5 63
5 65
5 68
5 73
5 76
5 91
5 98
6 22
6 27
6 29
6 36
6 41
6 42
6 47
6 49
6 57
6 67
6 76
6 83
6 89
7 21
7 22
7 23
7 27
7 29
7 31
7 33
7 40
7 44
7 50
7 51
7 52
7 57
7 64
7 66
7 73
7 74
7 77
7 80
7 86
7 93
7 97
8 12
8 19
8 20
8 23
8 24
8 27
8 43
8 49
8 56
8 65
8 72
8 77
8 79
9 14
9 18
9 26
9 32
9 38
9 41
9 43
9 46
9 48
9 58
9 60
9 63
9 68
9 70
9 78
9 80
9 91
10 21
10 22
10 23
10 26
10 30
10 31
10 34
10 36
10 37
10 38
10 50
10 52
10 69
10 88
10 91
11 15
11 18
11 34
11 35
11 40
11 44
11 52
11 56
11 57
11 73
11 75
11 76
11 78
11 83
11 84
11 99
12 14
12 15
12 17
12 18
12 21
12 24
12 30
12 31
12 35
12 49
12 54
12 63
12 66
12 81
12 83
12 91
12 95
12 99
13 14
13 15
13 17
13 28
13 30
13 31
13 41
13 44
13 66
13 70
13 78
13 80
13 92
13 93
13 94
14 18
14 24
14 30
14 31
14 41
14 44
14 49
14 58
14 59
14 68
14 74
14 76
14 80
14 83
14 85
14 99
15 17
15 18
15 31
15 39
15 41
15 54
15 55
15 57
15 67
15 70
15 75
15 79
15 82
15 85
15 86
15 95
15 97
16 17
16 26
16 33
16 34
16 51
16 53
16 58
16 63
16 71
16 72
16 75
16 81
16 83
16 84
16 85
16 92
16 94
16 98
17 18
17 26
17 30
17 31
17 33
17 43
17 44
17 46
17 47
17 50
17 51
17 52
17 57
17 58
17 61
17 64
17 67
17 75
17 77
17 85
17 86
17 96
17 98
17 99
18 21
18 34
18 38
18 50
18 52
18 59
18 60
18 65
18 66
18 69
18 70
18 76
18 78
18 82
18 83
18 85
18 86
18 87
18 92
18 94
18 96
18 99
19 35
19 40
19 41
19 43
19 50
19 56
19 59
19 61
19 65
19 78
19 81
19 99
20 32
20 34
20 36
20 37
20 40
20 51
20 52
20 54
20 71
20 74
20 83
20 85
20 98
21 22
21 28
21 29
21 39
21 44
21 45
21 47
21 50
21 51
21 57
21 62
21 63
21 65
21 68
21 73
21 79
21 83
21 85
21 89
21 92
21 98
22 30
22 54
22 55
22 60
22 62
22 65
22 72
22 73
22 78
22 80
22 82
22 84
22 93
22 99
23 24
23 31
23 32
23 37
23 40
23 41
23 49
23 52
23 62
23 68
23 70
23 74
23 78
23 80
23 86
23 87
23 89
23 90
23 95
23 97
23 98
23 99
24 27
24 34
24 43
24 56
24 59
24 63
24 70
24 75
24 76
24 78
24 84
24 85
24 87
24 89
24 92
24 93
24 94
24 99
25 28
25 34
25 36
25 37
25 42
25 59
25 66
25 71
25 74
25 79
25 80
25 83
25 86
25 88
25 91
25 94
26 42
26 44
26 46
26 47
26 53
26 54
26 56
26 71
26 81
26 84
26 86
26 88
26 90
27 30
27 41
27 52
27 53
27 54
27 55
27 58
27 68
27 69
27 71
27 74
27 77
27 78
27 81
27 98
28 31
28 38
28 41
28 43
28 49
28 53
28 56
28 62
28 63
28 64
28 65
28 66
28 67
28 71
28 75
28 78
28 79
28 88
28 90
28 91
28 94
28 95
28 96
29 47
29 48
29 52
29 54
29 62
29 80
29 85
29 89
29 90
29 92
30 31
30 36
30 39
30 40
30 41
30 48
30 49
30 53
30 57
30 65
30 84
30 85
30 88
30 91
30 95
31 37
31 42
31 44
31 57
31 64
31 65
31 67
31 74
31 76
31 84
31 89
31 95
31 96
31 98
31 99
32 34
32 36
32 51
32 54
32 55
32 56
32 59
32 72
32 74
32 75
32 76
32 78
32 79
32 80
32 83
32 89
32 91
32 92
33 40
33 46
33 50
33 57
33 61
33 68
33 75
33 82
33 83
33 92
34 36
34 40
34 50
34 55
34 59
34 69
34 70
34 74
34 90
34 91
34 92
34 95
35 40
35 50
35 53
35 55
35 60
35 62
35 71
35 73
35 74
35 82
35 83
35 88
35 90
35 95
35 96
35 97
36 37
36 40
36 47
36 51
36 52
36 53
36 57
36 61
36 72
36 75
36 76
36 81
36 83
36 95
36 98
37 41
37 45
37 55
37 59
37 68
37 85
37 90
37 95
37 97
38 44
38 46
38 49
38 64
38 65
38 68
38 74
38 75
38 80
38 82
38 84
38 94
39 40
39 51
39 52
39 54
39 56
39 61
39 63
39 64
39 72
39 78
39 82
39 85
39 86
39 93
39 97
40 45
40 52
40 55
40 56
40 57
40 59
40 61
40 64
40 69
40 74
40 77
40 78
40 82
40 89
41 49
41 55
41 57
41 60
41 62
41 85
41 88
41 89
41 93
41 96
41 98
42 45
42 47
42 48
42 49
42 50
42 62
42 70
42 77
42 96
42 97
43 48
43 49
43 54
43 55
43 68
43 69
43 70
43 72
43 73
43 76
43 79
43 85
43 88
43 95
43 99
44 48
44 51
44 56
44 61
44 79
44 81
44 88
44 89
44 98
45 59
45 62
45 76
45 79
45 80
45 89
45 93
45 95
46 49
46 51
46 54
46 55
46 58
46 59
46 60
46 64
46 65
46 68
46 69
46 73
46 76
46 77
46 79
46 81
46 90
47 49
47 54
47 57
47 58
47 60
47 61
47 70
47 75
47 80
47 81
47 86
47 88
47 98
48 57
48 61
48 66
48 69
48 74
48 84
48 85
48 93
48 97
48 98
48 99
49 50
49 53
49 55
49 65
49 72
49 75
49 76
49 78
49 83
49 85
49 87
49 93
49 94
50 54
50 57
50 59
50 68
50 69
50 70
50 75
50 82
50 91
50 93
50 98
51 56
51 62
51 73
51 80
51 82
51 83
51 90
51 91
51 99
52 57
52 59
52 71
52 79
52 82
52 91
52 93
52 99
53 56
53 59
53 60
53 67
53 69
53 70
53 73
53 76
53 78
53 84
53 85
53 86
53 90
54 63
54 70
54 76
54 85
54 87
54 93
54 96
55 68
56 63
56 67
56 82
56 84
56 86
56 89
57 63
57 66
57 67
57 69
57 71
57 72
57 75
57 79
57 81
57 89
57 99
58 62
58 66
58 70
58 78
58 84
58 87
58 91
58 96
58 97
59 66
59 68
59 71
59 72
59 73
59 76
59 80
59 83
59 88
59 98
60 64
60 69
60 85
60 91
60 96
61 68
61 86
61 91
61 99
62 65
62 68
62 69
62 73
62 74
62 75
62 78
62 91
62 92
62 96
63 69
63 71
63 78
63 80
63 82
63 83
63 86
63 93
63 97
64 66
64 73
64 77
64 78
64 84
64 89
64 94
64 97
65 69
65 73
65 80
65 81
65 85
66 73
66 74
66 75
66 78
66 84
66 90
66 93
66 94
66 96
66 99
67 76
67 78
67 95
67 99
68 72
68 77
68 78
68 81
68 84
68 91
68 96
68 98
69 72
69 80
69 81
69 83
69 88
69 96
70 72
70 73
70 81
70 96
70 97
70 98
70 99
71 82
71 84
71 85
71 86
71 90
71 94
71 98
72 79
72 80
72 84
73 74
73 75
73 76
73 77
73 81
73 83
73 84
73 90
73 93
73 94
73 98
74 78
74 83
74 90
74 94
74 97
75 76
75 81
75 86
75 88
75 94
75 95
75 97
76 94
76 96
77 80
77 81
77 91
77 99
78 86
78 94
78 95
78 98
79 80
79 86
79 92
79 95
80 85
80 96
80 97
81 85
81 91
81 95
82 85
82 95
83 85
83 88
84 96
85 88
85 94
85 99
86 88
86 91
87 88
87 97
87 99
89 94
90 93
90 99
91 92
91 97
91 98
92 93
92 97
92 99
93 96
93 97
97 98
98 99
